0
0
0
0
0
0
0
0
0
0
0
0
0
0
0
0
0
0
0
0
0
0
0
0
0
0
0
0
0
0
0
0
0
0
0
0
0
0
0
0
0
0
0
0
0
0
0
0
0
0
0
0
0
0
0
0
0
0
0
0
0
0
0
0
0
0
0
0
0
0
0
0
0
0
0.00845160496401922
0.00845287901392992
0.00833745248326409
0.00813404553980411
0.00787137835133237
0.00757817108563124
0.00728314391048312
0.00701501699367039
0.00680251050297542
0.00667434460618060
0.00665923947106832
0.00678309803615677
0.00703403113714657
0.00737313823305337
0.00776093422379900
0.00815793400930533
0.00852465248949418
0.00882160456428738
0.00900930513360677
0.00904826909737421
0.00890624159676960
0.00859937852771598
0.00816371224520538
0.00763533583254791
0.00705034237305368
0.00644482495003278
0.00585487664679534
0.00531659054665144
0.00486421153481381
0.00450771892333662
0.00424000677898596
0.00405361267895288
0.00394107420042840
0.00389492892060358
0.00390771441666945
0.00397196826581705
0.00408022804523742
0.00422503133212160
0.00439891571054535
0.00459456642696030
0.00480519688586233
0.00502413853023630
0.00524472280306710
0.00546028114733961
0.00566414500603870
0.00584964582214926
0.00601011503865617
0.00613888409854430
0.00622958282314396
0.00628155572695831
0.00629928879119220
0.00628745132840767
0.00625071265116681
0.00619374207203168
0.00612120890356435
0.00603778245832689
0.00594813204888136
0.00585692698778985
0.00576811698251327
0.00568224263088931
0.00559883599547247
0.00551742898601929
0.00543755351228632
0.00535874148403010
0.00528052481100718
0.00520243540297411
0.00512400516968742
0.00504476602090367
0.00496424986637940
0.00488198861587115
0.00479751417913547
0.00471035846592891
0.00462005338600801
0.00452613084912931
0.00442812276504936
0.00432556104352471
0.00421802979604918
0.00410575868485856
0.00398941300399593
0.00386966621886280
0.00374719179486068
0.00362266319739107
0.00349675389185548
0.00337013734365542
0.00324348701819240
0.00311747638086792
0.00299277889708350
0.00287006803224064
0.00275001725174085
0.00263330002098563
0.00252058980537650
0.00241256007031496
0.00230988428120252
0.00221323590344069
0.00212328840243098
0.00204060195409142
0.00196503524974528
0.00189617882026828
0.00183362265807918
0.00177695675559674
0.00172577110523974
0.00167965569942693
0.00163820053057708
0.00160099559110896
0.00156763087344133
0.00153769636999295
0.00151078207318259
0.00148647797542901
0.00146437406915099
0.00144406034676727
0.00142512680069664
0.00140716342335785
0.00138976332326341
0.00137267321043575
0.00135586045006626
0.00133930948825610
0.00132300477110641
0.00130693074471833
0.00129107185519302
0.00127541254863161
0.00125993727113526
0.00124463046880512
0.00122947658774233
0.00121446007404804
0.00119956537382339
0.00118477693316954
0.00117007919818762
0.00115545661497880
0.00114089362964421
0.00112637468828500
0.00111188423700232
0.00109740672189731
0.00108292658907113
0.00106842828462492
0.00105389625465982
0.00103931494527699
0.00102466880257757
0.00100994227266271
0.000995119801633560
0.000980185835591260
0.000965124820636959
0.000949921202871806
0.000934559428396948
0.000919023943313531
0.000903299193722703
0.000887369625725611
0.000871219685423402
0.000854833818917223
0.000838196472308222
0.000821292091697545
0.000804105123186340
0.000786620012875754
0.000768821206866934
0.000750693151261027
0.000732220292159180
0.000713387075662540
0.000694177947872255
0.000674577354889472
0.000654569742815338
0.000634139557751000
0.000613271245797605
0.000591949253056300
0.000570158025628233
0.000547882009614550
0.000525105651116399
0.000501813396234926
0.000477989691071280
0.000453618981726608
0.000428685714302055
0.000403174334898770
0.000377069289617899
0.000350355024560590
0.000323015985827990
0.000295036619521246
0.000266401371741505
0.000237094688589916
0.000207101016167622
0.000176404800575774
0.000144990487915518
0.000112842524288000
7.99453557943683e-05
4.62834285357699e-05
1.18411886133518e-05
-2.33969178717376e-05
-5.94464448183537e-05
-9.63229461253476e-05
-0.000134041975691573
-0.000172619087415882
-0.000212069835197128
-0.000252409772934163
-0.000293654454525841
-0.000335819433871013
-0.000378920264868535
-0.000422972501417257
-0.000467991697416034
-0.000513993406763717
-0.000560993183359160
-0.000609006581101215
-0.000658049153888735
-0.000708136455620574
-0.000759284040195582
-0.000811507461512616
-0.000864822273470526
-0.000919244029968166
-0.000974788284904388
-0.00103147059217805
-0.00108930650568799
-0.00114831157933308
-0.00120850136701216
-0.00126989142262408
-0.00133249730006771
-0.00139633455324189
-0.00146141873604548
-0.00152776540237732
-0.00159539010613627
-0.00166430840122119
-0.00173453584153092
-0.00180608798096433
-0.00187898037342025
-0.00195322857279755
-0.00202884813299508
-0.00210585460791169
-0.00218426355144624
-0.00226409051749757
-0.00234535105996454
-0.00242806073274600
-0.00251223508974081
-0.00259788968484781
-0.00268504007196587
-0.00277370180499383
-0.00286389043783055
-0.00295562152437488
-0.00304891061852566
-0.00314377327418177
-0.00324022504524204
-0.00333828148560533
-0.00343795814917050
-0.00353927058983639
-0.00364223436150187
-0.00374686501806577
-0.00385317811342696
-0.00396118920148429
-0.00407091383613661
-0.00418236757128277
-0.00429556596082163
-0.00441052455865205
-0.00452725891867285
-0.00464578459478292
-0.00476611714088109
-0.00488827211086623
-0.00501226505863718
-0.00513811153809280
-0.00526582710313193
-0.00539542730765344
-0.00552692770555617
-0.00566034385073898
-0.00579569129710073
-0.00593298559854025
-0.00607224230895642
-0.00621347698224807
-0.00635670517231406
-0.00650194243305324
-0.00664920431836448
-0.00679850638214662
-0.00694986417829851
-0.00710329326071901
-0.00725880918330696
-0.00741642749996123
-0.00757616376458067
-0.00773803353106412
-0.00790205235331045
-0.00806823578521849
-0.00823659938068711
-0.00840715869361517
-0.00857992927790151
-0.00875492668744498
-0.00893216647614444
-0.00911166419789872
-0.00929343540660672
-0.00947749565616725
-0.00966386050047919
-0.00985254549344138
-0.0100435661889527
-0.0102369381409119
-0.0104326769032180
-0.0106307980297697
-0.0108313170744660
-0.0110342495912056
-0.0112396111338874
-0.0114474172564103
-0.0116576835126732
-0.0118704254565748
-0.0120856586420140
-0.0123033986228898
-0.0125236609531009
-0.0127464611865461
-0.0129718148771244
-0.0131997375787347
-0.0134302448452756
-0.0136633522306462
-0.0138990752887452
-0.0141374295734716
-0.0143784306387240
-0.0146220940384016
-0.0148684353264029
-0.0151174700566270
-0.0153692137829727
-0.0156236820593388
-0.0158808904396242
-0.0161408544777277
-0.0164035897275482
-0.0166691117429845
-0.0169374360779355
-0.0172085782863001
-0.0174825539219771
-0.0177593785388653
-0.0180390676908636
-0.0183216369318709
-0.0186071018157860
-0.0188954778965077
-0.0191867807279350
-0.0194810258639666
-0.0197782288585014
-0.0200784052654383
-0.0203815706386762
-0.0206877405321138
-0.0209969304996500
-0.0213091560951837
-0.0216244328726138
-0.0219427763858390
-0.0222642021887583
-0.0225887258352705
-0.0229163628792745
-0.0232471288746690
-0.0235810393753530
-0.0239181099352253
-0.0242583561081848
-0.0246017934481302
-0.0249484375089606
-0.0252983038445746
-0.0256514080088712
-0.0260077655557493
-0.0263673920391076
-0.0267303030128450
-0.0270965140308605
-0.0274660406470527
-0.0278388984153207
-0.0282151028895632
-0.0285946696236791
-0.0289776141715672
-0.0293639520871265
-0.0297536989242556
-0.0301468702368536
-0.0305434815788193
-0.0309435485040514
-0.0313470865664490
-0.0317541113199107
-0.0321646383183355
-0.0325786831156222
-0.0329962612656697
-0.0334173883223769
-0.0338420798396425
-0.0342703513713654
-0.0347022184714446
-0.0351376966937787
-0.0355768015922668
-0.0360195487208076
-0.0364659536333000
-0.0369160318836429
-0.0373697990257351
-0.0378272706134754
-0.0382884622007627
-0.0387533893414959
-0.0392220675895738
-0.0396945124988953
-0.0401707396233591
-0.0406507645168643
-0.0411346027333096
-0.0416222698265939
-0.0421137813506160
-0.0426091528592747
-0.0431083999064691
-0.0436115380460978
-0.0441185828320597
-0.0446295498182538
-0.0451444545585788
-0.0456633126069336
-0.0461861395172171
-0.0467129508433281
-0.0472437621391654
-0.0477785889586279
-0.0483174468556145
-0.0488603513840240
-0.0494073180977553
-0.0499583625507072
-0.0505135002967786
-0.0510727468898684
-0.0516361178838753
-0.0522036288326982
-0.0527752952902361
-0.0533511328103877
-0.0539311569470519
-0.0545153832541275
-0.0551038272855134
-0.0556965045951085
-0.0562934307368116
-0.0568946212645215
-0.0575000917321371
-0.0581098576935573
-0.0587239347026810
-0.0593423383134069
-0.0599650840796339
-0.0605921875552609
-0.0612236642941868
-0.0618595298503103
-0.0624997997775303
-0.0631444896297458
-0.0637936149608555
-0.0644471913247583
-0.0651052342753530
-0.0657677593665385
-0.0664347821522136
-0.0671063181862773
-0.0677823830226284
-0.0684629922151656
-0.0691481613177879
-0.0698379058843941
-0.0705322414688831
-0.0712311836251537
-0.0719347479071048
-0.0726429498686352
-0.0733558050636438
-0.0740733290460294
-0.0747955373696909
-0.0755224455885272
-0.0762540692564370
-0.0769904239273193
-0.0777315251550729
-0.0784773884935966
-0.0792280294967894
-0.0799834637185499
-0.0807437067127772
-0.0815087740333701
-0.0822786812342274
-0.0830534438692479
-0.0838330774923306
-0.0846175976573743
-0.0854070199182777
-0.0862013598289399
-0.0870006329432596
-0.0878048548151356
-0.0886140409984669
-0.0894282070471523
-0.0902473685150907
-0.0910715409561808
-0.0919007399243216
-0.0927349809734118
-0.0935742796573504
-0.0944186515300363
-0.0952681121453682
-0.0961226770572450
-0.0969823618195656
-0.0978471819862288
-0.0987171531111334
-0.0995922907481785
-0.100472610451263
-0.101358127774285
-0.102248858271144
-0.103144817495739
-0.104046021001968
-0.104952484343731
-0.105864223074926
-0.106781252749452
-0.107703588921209
-0.108631247144094
-0.109564242972007
-0.110502591958846
-0.111446309658511
-0.112395411624900
-0.113349913411912
-0.114309830573446
-0.115275178663401
-0.116245973235676
-0.117222229844169
-0.118203964042780
-0.119191191385407
-0.120183927425949
-0.121182187718305
-0.122185987816373
-0.123195343274053
-0.124210269645244
-0.125230782483844
-0.126256897343753
-0.127288629778868
-0.128325995343089
-0.129369009590315
-0.130417688074445
-0.131472046349377
-0.132532099969011
-0.133597864487244
-0.134669355457977
-0.135746588435108
-0.136829578972535
-0.137918342624158
-0.139012894943875
-0.140113251485586
-0.141219427803188
-0.142331439450582
-0.143449301981666
-0.144573030950338
-0.145702641910498
-0.146838150416044
-0.147979572020876
-0.149126922278891
-0.150280216743990
-0.151439470970070
-0.152604700511032
-0.153775920920772
-0.154953147753191
-0.156136396562187
-0.157325682901660
-0.158521022325507
-0.159722430387628
-0.160929922641922
-0.162143514642287
-0.163363221942622
-0.164589060096827
-0.165821044658800
-0.167059191182440
-0.168303515221645
-0.169554032330315
-0.170810758062349
-0.172073707971645
-0.173342897612102
-0.174618342537619
-0.175900058302095
-0.177188060459428
-0.178482364563519
-0.179782986168264
-0.181089940827564
-0.182403244095317
-0.183722911525422
-0.185048958671778
-0.186381401088284
-0.187720254328838
-0.189065533947340
-0.190417255497688
-0.191775434533781
-0.193140086609518
-0.194511227278797
-0.195888872095519
-0.197273036613581
-0.198663736386882
-0.200060986969322
-0.201464803914798
-0.202875202777211
-0.204292199110458
-0.205715808468439
-0.207146046405053
-0.208582928474198
-0.210026470229773
-0.211476687225677
-0.212933595015809
-0.214397209154067
-0.215867545194352
-0.217344618690561
-0.218828445196593
-0.220319040266347
-0.221816419453722
-0.223320598312618
-0.224831592396931
-0.226349417260563
-0.227874088457411
-0.229405621541374
-0.230944032066351
-0.232489335586242
-0.234041547654944
-0.235600683826357
-0.237166759654379
-0.238739790692910
-0.240319792495848
-0.241906780617093
-0.243500770610542
-0.245101778030095
-0.246709818429650
-0.248324907363108
-0.249947060384365
-0.251576293047322
-0.253212620905877
-0.254856059513929
-0.256506624425376
-0.258164331194118
-0.259829195374054
-0.261501232519082
-0.263180458183101
-0.264866887920010
-0.266560537283709
-0.268261421828095
-0.269969557107067
-0.271684958674525
-0.273407642084367
-0.275137622890493
-0.276874916646800
-0.278619538907189
-0.280371505225557
-0.282130831155804
-0.283897532251828
-0.285671624067528
-0.287453122156804
-0.289242042073553
-0.291038399371676
-0.292842209605070
-0.294653488327634
-0.296472251093268
-0.298298513455870
-0.300132290969340
-0.301973599187575
-0.303822453664475
-0.305678869953939
-0.307542863609865
-0.309414450186153
-0.311293645236701
-0.313180464315408
-0.315074922976173
-0.316977036772894
-0.318886821259472
-0.320804291989804
-0.322729464517788
-0.324662354397326
-0.326602977182314
-0.328551348426652
-0.330507483684240
-0.332471398508974
-0.334443108454755
-0.336422629075482
-0.338409975925052
-0.340405164557366
-0.342408210526321
-0.344419129385817
-0.346437936689753
-0.348464647992027
-0.350499278846539
-0.352541844807186
-0.354592361427869
-0.356650844262485
-0.358717308864934
-0.360791770789115
-0.362874245588926
-0.364964748818266
-0.367063296031035
-0.369169902781130
-0.371284584622451
-0.373407357108897
-0.375538235794366
-0.377677236232758
-0.379824373977971
-0.381979664583904
-0.384143123604456
-0.386314766593526
-0.388494609105012
-0.390682666692814
-0.392878954910830
-0.395083489312959
-0.397296285453100
-0.399517358885153
-0.401746725163015
-0.403984399840585
-0.406230398471763
-0.408484736610448
-0.410747429810537
-0.413018493625931
-0.415297943610527
-0.417585795318225
-0.419882064302924
-0.422186766118522
-0.424499916318919
-0.426821530458012
-0.429151624089702
-0.431490212767886
-0.433837312046464
-0.436192937479335
-0.438557104620397
-0.440929829023549
-0.443311126242690
-0.445701011831719
-0.448099501344536
-0.450506610335037
-0.452922354357124
-0.455346748964693
-0.457779809711645
-0.460221552151878
-0.462671991839291
-0.465131144327782
-0.467599025171251
-0.470075649923597
-0.472561034138718
-0.475055193370513
-0.477558143172881
-0.480069899099722
-0.482590476704933
-0.485119891542413
-0.487658159166062
-0.490205295129778
-0.492761314987461
-0.495326234293008
-0.497900068600320
-0.500482833463294
-0.503074544435829
-0.505675217071825
-0.508284866925180
-0.510903509549794
-0.513531160499564
-0.516167835328390
-0.518813549590171
-0.521468318838806
-0.524132158628192
-0.526805084512230
-0.529487112044819
-0.532178256779856
-0.534878534271241
-0.537587960072872
-0.540306549738649
-0.543034318822471
-0.545771282878235
-0.548517457459842
-0.551272858121189
-0.554037500416177
-0.556811399898703
-0.559594572122666
-0.562387032641966
-0.565188797010501
-0.567999880782170
-0.570820299510872
-0.573650068750506
-0.576489204054970
-0.579337720978164
-0.582195635073986
-0.585062961896335
-0.587939716999110
-0.590825915936210
-0.593721574261534
-0.596626707528981
-0.599541331292448
-0.602465461105836
-0.605399112523044
-0.608342301097969
-0.611295042384511
-0.614257351936568
-0.617229245308040
-0.620210738052826
-0.623201845724824
-0.626202583877933
-0.629212968066051
-0.632233013843079
-0.635262736762914
-0.638302152379456
-0.641351276246603
-0.644410123918255
-0.647478710948309
-0.650557052890665
-0.653645165299222
-0.656743063727879
-0.659850763730534
-0.662968280861087
-0.666095630673436
-0.669232828721479
-0.672379890559117
-0.675536831740247
-0.678703667818769
-0.681880414348582
-0.685067086883584
-0.688263700977673
-0.691470272184750
-0.694686816058713
-0.697913348153460
-0.701149884022892
-0.704396439220905
-0.707653029301400
-0.710919669818274
-0.714196376325428
-0.717483164376760
-0.720780049526168
-0.724087047327552
-0.727404173334810
-0.730731443101842
-0.734068872182545
-0.737416476130819
-0.740774270500564
-0.744142270845677
-0.747520492720057
-0.750908951677603
-0.754307663272215
-0.757716643057791
-0.761135906588230
-0.764565469417431
-0.768005347099292
-0.771455555187713
-0.774916109236592
-0.778387024799828
-0.781868317431321
-0.785360002684968
-0.788862096114669
-0.792374613274322
-0.795897569717827
-0.799430980999083
-0.802974862671987
-0.806529230290439
-0.810094099408339
-0.813669485579584
-0.817255404358073
-0.820851871297706
-0.824458901952382
-0.828076511875998
-0.831704716622454
-0.835343531745649
-0.838992972799482
-0.842653055337852
-0.846323794914656
-0.850005207083795
-0.853697307399167
-0.857400111414671
-0.861113634684206
-0.864837892761671
-0.868572901200964
-0.872318675555984
-0.876075231380630
-0.879842584228802
-0.883620749654397
-0.887409743211316
-0.891209580453455
-0.895020276934716
-0.898841848208995
-0.902674309830193
-0.906517677352208
-0.910371966328939
-0.914237192314284
-0.918113370862143
-0.922000517526415
-0.925898647860997
-0.929807777419790
-0.933727921756692
-0.937659096425602
-0.941601316980419
-0.945554598975041
-0.949518957963367
-0.953494409499297
-0.957480969136728
-0.961478652429561
-0.965487474931694
-0.969507452197025
-0.973538599779454
-0.977580933232879
-0.981634468111200
-0.985699219968314
-0.989775204358121
-0.993862436834521
-0.997960932951409
-1.00207070826269
-1.00619177832226
-1.01032415868401
-1.01446786490185
-1.01862291252968
-1.02278931712139
-1.02696709423088
-1.03115625941205
-1.03535682821881
-1.03956881620504
-1.04379223892465
-1.04802711193154
-1.05227345077960
-1.05653127102274
-1.06080058821485
-1.06508141790984
-1.06937377566159
-1.07367767702402
-1.07799313755101
-1.08232017279648
-1.08665879831430
-1.09100902965840
-1.09537088238266
-1.09974437204098
-1.10412951418726
-1.10852632437540
-1.11293481815931
-1.11735501109287
-1.12178691872999
-1.12623055662456
-1.13068594033050
-1.13515308540168
-1.13963200739202
-1.14412272185541
-1.14862524434575
-1.15313959041694
-1.15766577562287
-1.16220381551746
-1.16675372565459
-1.17131552158816
-1.17588921887208
-1.18047483306024
-1.18507237970654
-1.18968187436489
-1.19430333258917
-1.19893676993329
-1.20358220195114
-1.20823964419664
-1.21290911222366
-1.21759062158612
-1.22228418783791
-1.22698982653294
-1.23170755322509
-1.23643738346827
-1.24117933281638
-1.24593341682331
-1.25069965104297
-1.25547805102926
-1.26026863233606
-1.26507141051729
-1.26988640112684
-1.27471361971861
-1.27955308184650
-1.28440480306441
-1.28926879892623
-1.29414508498586
-1.29903367679721
-1.30393458991417
-1.30884783989065
-1.31377344228053
-1.31871141263772
-1.32366176651613
-1.32862451946963
-1.33359968705215
-1.33858728481757
-1.34358732831979
-1.34859983311271
-1.35362481475024
-1.35866228878627
-1.36371227077469
-1.36877477626941
-1.37384982082433
-1.37893741999335
-1.38403758933035
-1.38915034438926
-1.39427570072395
-1.39941367388833
-1.40456427943631
-1.40972753292177
-1.41490344989862
-1.42009204592076
-1.42529333654208
-1.43050733731649
-1.43573406379787
-1.44097353154014
-1.44622575609719
-1.45149075302292
-1.45676853787123
-1.46205912619602
-1.46736253355118
-1.47267877549061
-1.47800786756822
-1.48334982533791
-1.48870466435356
-1.49407240016908
-1.49945304833838
-1.50484662441534
-1.51025314395386
-1.51567262250786
-1.52110507563121
-1.52655051887783
-1.53200896780162
-1.53748043795646
-1.54296494489626
-1.54846250417493
-1.55397313134635
-1.55949684196442
-1.56503365158305
-1.57058357575614
-1.57614663003758
-1.58172282998127
-1.58731219114111
-1.59291472907100
-1.59853045932484
-1.60415939745653
-1.60980155901996
-1.61545695956904
-1.62112561465766
-1.62680753983972
-1.63250275066913
-1.63821126269977
-1.64393309148556
-1.64966825258038
-1.65541676153814
-1.66117863391274
-1.66695388525807
-1.67274253112803
-1.67854458707653
-1.68436006865746
-1.69018899142471
-1.69603137093220
-1.70188722273381
-1.70775656238346
-1.71363940543502
-1.71953576744241
-1.72544566395953
-1.73136911054026
-1.73730612273852
-1.74325671610819
-1.74922090620319
-1.75519870857740
-1.76119013878473
-1.76719521237907
-1.77321394491433
-1.77924635194440
-1.78529244902319
-1.79135225170458
-1.79742577554248
-1.80351303609079
-1.80961404890341
-1.81572882953423
-1.82185739353716
-1.82799975646609
-1.83415593387493
-1.84032594131756
-1.84650979434790
-1.85270750851983
-1.85891909938727
-1.86514458250410
-1.87138397342422
-1.87763728770154
-1.88390454088996
-1.89018574854336
-1.89648092621566
-1.90279008946074
-1.90911325383252
-1.91545043488488
-1.92180164817173
-1.92816690924697
-1.93454623366448
-1.94093963697819
-1.94734713474197
-1.95376874250973
-1.96020447583538
-1.96665435027280
-1.97311838137590
-1.97959658469857
-1.98608897579473
-1.99259557021825
-1.99911638352305
-2.00565143126302
-2.01220072899205
-2.01876429226406
-2.02534213663294
-2.03193427765258
-2.03854073087689
-2.04516151185976
-2.05179663615510
-2.05844611931680
-2.06510997689876
-2.07178822445488
-2.07848087753906
-2.08518795170520
-2.09190946250720
-2.09864542549894
-2.10539585623435
-2.11216077026731
-2.11894018315172
-2.12573411044148
-2.13254256769049
-2.13936557045264
-2.14620313428185
-2.15305527473200
-2.15992200735700
-2.16680334771074
-2.17369931134713
-2.18060991382005
-2.18753517068342
-2.19447509749112
-2.20142970979707
-2.20839902315515
-2.21538305311927
-2.22238181524332
-2.22939532508121
-2.23642359818682
-2.24346665011407
-2.25052449641685
-2.25759715264906
-2.26468463436460
-2.27178695711736
-2.27890413646125
-2.28603618795017
-2.29318312713801
-2.30034496957866
-2.30752173082605
-2.31471342643405
-2.32192007195657
-2.32914168294750
-2.33637827496076
-2.34362986355022
-2.35089646426981
-2.35817809267340
-2.36547476431491
-2.37278649474823
-2.38011329952726
-2.38745519420589
-2.39481219433804
-2.40218431547759
-2.40957157317844
-2.41697398299450
-2.42439156047967
-2.43182432118783
-2.43927228067289
-2.44673545448876
-2.45421385818932
-2.46170750732847
-2.46921641746013
-2.47674060413818
-2.48428008291652
-2.49183486934905
-2.49940497898968
-2.50699042739229
-2.51459123011080
-2.52220740269909
-2.52983896071107
-2.53748591970063
-2.54514829522168
-2.55282610282812
-2.56051935807383
-2.56822807651273
-2.57595227369870
-2.58369196518565
-2.59144716652748
-2.59921789327809
-2.60700416099137
-2.61480598522123
-2.62262338152156
-2.63045636544626
-2.63830495254923
-2.64616915838438
-2.65404899850558
-2.66194448846676
-2.66985564382180
-2.67778248012461
-2.68572501292908
-2.69368325778912
-2.70165723025861
-2.70964694589147
-2.71765242024158
-2.72567366886286
-2.73371070730918
-2.74176355113447
-2.74983221589261
-2.75791671713750
-2.76601707042305
-2.77413329130314
-2.78226539533169
-2.79041339806259
-2.79857731504973
-2.80675716184702
-2.81495295400835
-2.82316470708763
-2.83139243663875
-2.83963615821562
-2.84789588737212
-2.85617163966217
-2.86446343063965
-2.87277127585847
-2.88109519087252
-2.88943519123571
-2.89779129250194
-2.90616351022510
-2.91455185995909
-2.92295635725781
-2.93137701767516
-2.93981385676503
-2.94826689008134
-2.95673613317797
-2.96522160160882
-2.97372331092780
-2.98224127668880
-2.99077551444572
-2.99932603975247
-3.00789286816293
-3.01647601523101
-3.02507549651060
-3.03369132755561
-3.04232352391994
-3.05097210115747
-3.05963707482212
-3.06831846046779
-3.07701627364836
-3.08573052991774
-3.09446124482983
-3.10320843393852
-3.11197211279772
-3.12075229696132
-3.12954900198323
-3.13836224341734
-3.14719203681754
-3.15603839773775
-3.16490134173186
-3.17378088435376
-3.18267704115736
-3.19158982769656
-3.20051925952525
-3.20946535219733
-3.21842812126670
-3.22740758228726
-3.23640375081291
-3.24541664239755
-3.25444627259508
-3.26349265695939
-3.27255581104439
-3.28163575040397
-3.29073249059203
-3.29984604716247
-3.30897643566920
-3.31812367166610
-3.32728777070708
-3.33646874834604
-3.34566662013687
-3.35488140163347
-3.36411310838975
-3.37336175595960
-3.38262735989693
-3.39190993575562
-3.40120949908958
-3.41052606545270
-3.41985965039890
-3.42921026948206
-3.43857793825608
-3.44796267227486
-3.45736448709231
-3.46678339826232
-3.47621942133879
-3.48567257187561
-3.49514286542669
-3.50463031754593
-3.51413494378722
-3.52365675970447
-3.53319578085157
-3.54275202278242
-3.55232550105092
-3.56191623121097
-3.57152422881646
-3.58114950942131
-3.59079208857939
-3.60045198184463
-3.61012920477090
-3.61982377291212
-3.62953570182218
-3.63926500705498
-3.64901170416442
-3.65877580870440
-3.66855733622881
-3.67835630229156
-3.68817272244654
-3.69800661224765
-3.70785798724880
-3.71772686300387
-3.72761325506678
-3.73751717899142
-3.74743865033168
-3.75737768464147
-3.76733429747468
-3.77730850438521
-3.78730032092697
-3.79730976265385
-3.80733684511975
-3.81738158387857
-3.82744399448421
-3.83752409249056
-3.84762189345154
-3.85773741292102
-3.86787066645292
-3.87802166960113
-3.88819043791955
-3.89837698696208
-3.90858133228263
-3.91880348943507
-3.92904347397333
-3.93930130145129
-3.94957698742286
-3.95987054744192
-3.97018199706239
-3.98051135183816
-3.99085862732313
-4.00122383907120
-4.01160700263627
-4.02200813357223
-4.03242724743299
-4.04286435977244
-4.05331948614448
-4.06379264210302
-4.07428384320195
-4.08479310499516
-4.09532044303657
-4.10586587288006
-4.11642941007954
-4.12701107018890
-4.13761086876204
-4.14822882135287
-4.15886494351528
-4.16951925080317
-4.18019175877044
-4.19088248297098
-4.20159143895870
-4.21231864228750
-4.22306410851128
-4.23382785318392
-4.24460989185934
-4.25541024009143
-4.26622891343409
-4.27706592744122
-4.28792129766671
-4.29879503966447
-4.30968716898840
-4.32059770119239
-4.33152665183034
-4.34247403645616
-4.35343987062374
-4.36442416988697
-4.37542694979977
-4.38644822591602
-4.39748801378963
-4.40854632897449
-4.41962318702450
-4.43071860349357
-4.44183259393559
-4.45296517390446
-4.46411635895408
-4.47528616463835
-4.48647460651116
-4.49768170012642
-4.50890746103803
-4.52015190479988
-4.53141504696587
-4.54269690308990
-4.55399748872587
-4.56531681942769
-4.57665491074923
-4.58801177824442
-4.59938743746714
-4.61078190397129
-4.62219519331078
-4.63362732103950
-4.64507830271135
-4.65654815388024
-4.66803689010004
-4.67954452692468
-4.69107107990804
-4.70261656460403
-4.71418099656654
-4.72576439134948
-4.73736676450674
-4.74898813159221
-4.76062850815981
-4.77228790976342
-4.78396635195695
-4.79566385029430
-4.80738042032936
-4.81911607761604
-4.83087083770823
-4.84264471615983
-4.85443772852474
-4.86624989035686
-4.87808121721008
-4.88993172463832
-4.90180142819546
-4.91369034343540
-4.92559848591205
-4.93752587117930
-4.94947251479104
-4.96143843230120
-4.97342363926364
-4.98542815123229
-4.99745198376103
-5.00949515240377
-5.02155767271440
-5.03363956024683
-5.04574083055494
-5.05786149919265
-5.07000158171385
-5.08216109367243
-5.09434005062231
-5.10653846811737
-5.11875636171151
-5.13099374695864
-5.14325063941265
-5.15552705462744
-5.16782300815691
-5.18013851555496
-5.19247359237549
-5.20482825417240
-5.21720251649958
-5.22959639491093
-5.24200990496036
-5.25444306220177
-5.26689588218904
-5.27936838047608
-5.29186057261680
-5.30437247416508
-5.31690410067482
-5.32945546769994
-5.34202659079431
-5.35461748551185
-5.36722816740646
-5.37985865203202
-5.39250895494244
-5.40517909169162
-5.41786907783346
-5.43057892892185
-5.44330866051070
-5.45605828815391
-5.46882782740536
-5.48161729381897
-5.49442670294863
-5.50725607034824
-5.52010541157170
-5.53297474217290
-5.54586407770575
-5.55877343372414
-5.57170282578198
-5.58465226943316
-5.59762178023158
-5.61061137373115
-5.62362106548575
-5.63665087104929
-5.64970080597566
-5.66277088581877
-5.67586112613252
-5.68897154247080
-5.70210215038751
-5.71525296543655
-5.72842400317182
-5.74161527914723
-5.75482680891666
-5.76805860803401
-5.78131069205319
-5.79458307652809
-5.80787577701262
-5.82118880906067
-5.83452218822614
-5.84787593006293
-5.86125005012494
-5.87464456396607
-5.88805948714021
-5.90149483520126
-5.91495062370313
-5.92842686819972
-5.94192358424491
-5.95544078739262
-5.96897849319673
-5.98253671721115
-5.99611547498978
-6.00971478208652
-6.02333465405526
-6.03697510644990
-6.05063615482434
-6.06431781473249
-6.07802010172824
-6.09174303136548
-6.10548661919812
-6.11925088078006
-6.13303583166520
-6.14684148740743
-6.16066786356065
-6.17451497567877
-6.18838283931567
-6.20227147002527
-6.21618088336145
-6.23011109487812
-6.24406212012918
-6.25803397466853
-6.27202667405005
-6.28604023382766
-6.30007466955525
-6.31412999678673
-6.32820623107598
-6.34230338797691
-6.35642148304342
-6.37056053182940
-6.38472054988876
-6.39890155277539
-6.41310355604319
-6.42732657524607
-6.44157062593791
-6.45583572367263
-6.47012188400411
-6.48442912248626
-6.49875745467298
-6.51310689611816
-6.52747746237570
-6.54186916899950
-6.55628203154347
-6.57071606556150
-6.58517128660748
-6.59964771023532
-6.61414535199892
-6.62866422745218
-6.64320435214899
-6.65776574164325
-6.67234841148886
-6.68695237723973
-6.70157765444974
-6.71622425867280
-6.73089220546281
-6.74558151037367
-6.76029218895927
-6.77502425677351
-6.78977772937030
-6.80455262230353
-6.81934895112710
-6.83416673139491
-6.84900597866085
-6.86386670847884
-6.87874893640276
-6.89365267798651
-6.90857794878400
-6.92352476434912
-6.93849314023577
-6.95348309199785
-6.96849463518926
-6.98352778536390
-6.99858255807566
-7.01365896887845
-7.02875703332616
-7.04387676697270
-7.05901818537196
-7.07418130407784
-7.08936613864424
-7.10457270462506
-7.11980101757420
-7.13505109304555
-7.15032294659302
-7.16561659377050
-7.18093205013189
-7.19626933123110
-7.21162845262202
-7.22700942985854
-7.24241227849458
-7.25783701408402
-7.27328365218077
-7.28875220833872
-7.30424269811178
-7.31975513705384
-7.33528954071880
-7.35084592466056
-7.36642430443302
-7.38202469559008
-7.39764711368563
-7.41329157427358
-7.42895809290783
-7.44464668514227
-7.46035736653080
-7.47609015262732
-7.49184505898573
-7.50762210115993
-7.52342129470382
-7.53924265517129
-7.55508619811625
-7.57095193909260
-7.58683989365422
-7.60275007735503
-7.61868250574892
-7.63463719438979
-7.65061415883154
-7.66661341462807
-7.68263497733327
-7.69867886250104
-7.71474508568529
-7.73083366243992
-7.74694460831881
-7.76307793887588
-7.77923366966501
-7.79541181624011
-7.81161239415508
-7.82783541896382
-7.84408090622022
-7.86034887147818
-7.87663933029161
-7.89295229821439
-7.90928779080044
-7.92564582360365
-7.94202641217791
-7.95842957207713
-7.97485531885521
-7.99130366806604
-8.00777463526352
-8.02426823600156
-8.04078448583404
-8.05732340031488
-8.07388499499796
-8.09046928543719
-8.10707628718647
-8.12370601579970
-8.14035848683077
-8.15703371583358
-8.17373171836203
-8.19045250997002
-8.20719610621146
-8.22396252264023
-8.24075177481024
-8.25756387827538
-8.27439884858956
-8.29125670130667
-8.30813745198062
-8.32504111616530
-8.34196770941460
-8.35891724728244
-8.37588974532270
-8.39288521908930
-8.40990368413612
-8.42694515601706
-8.44400965028602
-8.46109718249691
-8.47820776820362
-8.49534142296004
-8.51249816232009
-8.52967800183766
-8.54688095706664
-8.56410704356093
-8.58135627687445
-8.59862867256107
-8.61592424617471
-8.63324301326925
-8.65058498939861
-8.66795019011667
-8.68533863097735
-8.70275032753453
-8.72018529534211
-8.73764354995400
-8.75512510692409
-8.77262998180628
-8.79015819015447
-8.80770974752256
-8.82528466946445
-8.84288297153404
-8.86050466928522
-8.87814977827190
-8.89581831404797
-8.91351029216733
-8.93122572818389
-8.94896463765153
-8.96672703612416
-8.98451293915569
-9.00232236229999
-9.02015532111099
-9.03801183114257
-9.05589190794863
-9.07379556708307
-9.09172282409980
-9.10967369455270
-9.12764819399568
-9.14564633798264
-9.16366814206748
-9.18171362180409
-9.19978279274637
-9.21787567044823
-9.23599227046356
-9.25413260834626
-9.27229669965024
-9.29048455992937
-9.30869620473758
-9.32693164962875
-9.34519091015679
-9.36347400187559
-9.38178094033906
-9.40011174110108
-9.41846641971557
-9.43684499173641
-9.45524747271751
-9.47367387821277
-9.49212422377609
-9.51059852496136
-9.52909679732248
-9.54761905641336
-9.56616531778789
-9.58473559699996
-9.60332990960349
-9.62194827115236
-9.64059069720048
-9.65925720330174
-9.67794780501005
-9.69666251787931
-9.71540135746340
-9.73416433931624
-9.75295147899171
-9.77176279204372
-9.79059829402618
-9.80945800049296
-9.82834192699798
-9.84725008909514
-9.86618250233833
-9.88513918228145
-9.90412014447840
-9.92312540448308
-9.94215497784939
-9.96120888013122
-9.98028712688248
-9.99938973365707
-10.0185167160089
-10.0376680894918
-10.0568438696598
-10.0760440720666
-10.0952687122663
-10.1145178058127
-10.1337913682598
-10.1530894151613
-10.1724119620713
-10.1917590245435
-10.2111306181320
-10.2305267583906
-10.2499474608732
-10.2693927411337
-10.2888626147261
-10.3083570972041
-10.3278762041217
-10.3474199510328
-10.3669883534914
-10.3865814270512
-10.4061991872663
-10.4258416496904
-10.4455088298775
-10.4652007433816
-10.4849174057564
-10.5046588325559
-10.5244250393341
-10.5442160416447
-10.5640318550417
-10.5838724950790
-10.6037379773105
-10.6236283172900
-10.6435435305716
-10.6634836327090
-10.6834486392563
-10.7034385657672
-10.7234534277957
-10.7434932408956
-10.7635580206210
-10.7836477825256
-10.8037625421634
-10.8239023150883
-10.8440671168542
-10.8642569630149
-10.8844718691245
-10.9047118507366
-10.9249769234054
-10.9452671026846
-10.9655824041282
-10.9859228432901
-11.0062884357241
-11.0266791969842
-11.0470951426242
-11.0675362881982
-11.0880026492598
-11.1084942413632
-11.1290110800621
-11.1495531809104
-11.1701205594622
-11.1907132312711
-11.2113312118913
-11.2319745168764
-11.2526431617806
-11.2733371621576
-11.2940565335613
-11.3148012915457
-11.3355714516646
-11.3563670294720
-11.3771880405217
-11.3980345003677
-11.4189064245638
-11.4398038286639
-11.4607267282220
-11.4816751387920
-11.5026490759276
-11.5236485551829
-11.5446735921118
-11.5657242022681
-11.5868004012057
-11.6079022044785
-11.6290296276405
-11.6501826862455
-11.6713613958475
-11.6925657720002
-11.7137958302577
-11.7350515861739
-11.7563330553025
-11.7776402531976
-11.7989731954130
-11.8203318975026
-11.8417163750203
-11.8631266435201
-11.8845627185558
-11.9060246156812
-11.9275123504505
-11.9490259384173
-11.9705653951356
-11.9921307361594
-12.0137219770424
-12.0353391333387
-12.0569822206021
-12.0786512543864
-12.1003462502457
-12.1220672237338
-12.1438141904046
-12.1655871658120
-12.1873861655099
-12.2092112050522
-12.2310622999928
-12.2529394658856
-12.2748427182846
-12.2967720727435
-12.3187275448162
-12.3407091500568
-12.3627169040191
-12.3847508222570
-12.4068109203243
-12.4288972137751
-12.4510097181631
-12.4731484490424
-12.4953134219667
-12.5175046524900
-12.5397221561662
-12.5619659485491
-12.5842360451928
-12.6065324616510
-12.6288552134777
-12.6512043162268
-12.6735797854521
-12.6959816367077
-12.7184098855473
-12.7408645475249
-12.7633456381943
-12.7858531731096
-12.8083871678244
-12.8309476378929
-12.8535345988688
-12.8761480663061
-12.8987880557587
-12.9214545827804
-12.9441476629252
-12.9668673117470
-12.9896135447996
-13.0123863776370
-13.0351858258130
-13.0580119048816
-13.0808646303966
-13.1037440179120
-13.1266500829817
-13.1495828411595
-13.1725423079994
-13.1955284990552
-13.2185414298808
-13.2415811160302
-13.2646475730573
-13.2877408165159
-13.3108608619599
-13.3340077249433
-13.3571814210199
-13.3803819657437
-13.4036093746685
-13.4268636633483
-13.4501448473368
-13.4734529421882
-13.4967879634561
-13.5201499266946
-13.5435388474576
-13.5669547412988
-13.5903976237723
-13.6138675104319
-13.6373644168316
-13.6608883585251
-13.6844393510665
-13.7080174100097
-13.7316225509084
-13.7552547893167
-13.7789141407884
-13.8026006208774
-13.8263142451376
-13.8500550291230
-13.8738229883874
-13.8976181384846
-13.9214404949688
-13.9452900733936
-13.9691668893130
-13.9930709582809
-14.0170022958513
-14.0409609175779
-14.0649468390148
-14.0889600757158
-14.1130006432348
-14.1370685571256
-14.1611638329423
-14.1852864862387
-14.2094365325687
-14.2336139874862
-14.2578188665451
-14.2820511852993
-14.3063109593027
-14.3305982041091
-14.3549129352726
-14.3792551683470
-14.4036249188861
-14.4280222024440
-14.4524470345744
-14.4768994308313
-14.5013794067686
-14.5258869779402
-14.5504221599000
-14.5749849682019
-14.5995754183997
-14.6241935260475
-14.6488393066990
-14.6735127759082
-14.6982139492290
-14.7229428422152
-14.7476994704208
-14.7724838493997
-14.7972959947058
-14.8221359218929
-14.8470036465150
-14.8718991841260
-14.8968225502798
-14.9217737605302
-14.9467528304312
-14.9717597755366
-14.9967946114005
-15.0218573535765
-15.0469480176188
-15.0720666190811
-15.0972131735174
-15.1223876964815
-15.1475902035274
-15.1728207102089
-15.1980792320800
-15.2233657846945
-15.2486803836064
-15.2740230443696
-15.2993937825379
-15.3247926136652
-15.3502195533055
-15.3756746170127
-15.4011578203406
-15.4266691788431
-15.4522087080742
-15.4777764235877
-15.5033723409376
-15.5289964756777
-15.5546488433619
-15.5803294595442
-15.6060383397784
-15.6317754996185
-15.6575409546182
-15.6833347203317
-15.7091568123126
-15.7350072461150
-15.7608860372927
-15.7867932013997
-15.8127287539897
-15.8386927106168
-15.8646850868349
-15.8907058981977
-15.9167551602593
-15.9428328885735
-15.9689390986942
-15.9950738061753
-16.0212370265708
-16.0474287754344
-16.0736490683202
-16.0998979207820
-16.1261753483737
-16.1524813666493
-16.1788159911625
-16.2051792374673
-16.2315711211177
-16.2579916576675
-16.2844408626705
-16.3109187516808
-16.3374253402522
-16.3639606439386
-16.3905246782939
-16.4171174588720
-16.4437390012267
-16.4703893209121
-16.4970684334820
-16.5237763544903
-16.5505130994909
-16.5772786840377
-16.6040731236845
-16.6308964339854
-16.6577486304941
-16.6846297287647
-16.7115397443509
-16.7384786928067
-16.7654465896860
-16.7924434505427
-16.8194692909307
-16.8465241264038
-16.8736079725161
-16.9007208448213
-16.9278627588734
-16.9550337302263
-16.9822337744338
-17.0094629070499
-17.0367211436285
-17.0640084997235
-17.0913249908888
-17.1186706326782
-17.1460454406457
-17.1734494303451
-17.2008826173305
-17.2283450171556
-17.2558366453743
-17.2833575175406
-17.3109076492084
-17.3384870559316
-17.3660957532640
-17.3937337567596
-17.4214010819722
-17.4490977444558
-17.4768237597642
-17.5045791434514
-17.5323639110713
-17.5601780781777
-17.5880216603245
-17.6158946730657
-17.6437971319552
-17.6717290525468
-17.6996904503945
-17.7276813410521
-17.7557017400735
-17.7837516630127
-17.8118311254235
-17.8399401428599
-17.8680787308757
-17.8962469050249
-17.9244446808613
-17.9526720739388
-17.9809290998114
-18.0092157740329
-18.0375321121572
-18.0658781297383
-18.0942538423300
-18.1226592654862
-18.1510944147609
-18.1795593057078
-18.2080539538810
-18.2365783748344
-18.2651325841217
-18.2937165972970
-18.3223304299141
-18.3509740975270
-18.3796476156894
-18.4083509999554
-18.4370842658787
-18.4658474290134
-18.4946405049134
-18.5234635091324
-18.5523164572244
-18.5811993647434
-18.6101122472431
-18.6390551202776
-18.6680279994007
-18.6970309001663
-18.7260638381283
-18.7551268288406
-18.7842198878571
-18.8133430307317
-18.8424962730183
-18.8716796302708
-18.9008931180431
-18.9301367518891
-18.9594105473627
-18.9887145200178
-19.0180486854083
-19.0474130590881
-19.0768076566111
-19.1062324935311
-19.1356875854022
-19.1651729477782
-19.1946885962129
-19.2242345462603
-19.2538108134743
-19.2834174134088
-19.3130543616177
-19.3427216736548
-19.3724193650742
-19.4021474514296
-19.4319059482750
-19.4616948711643
-19.4915142356513
-19.5213640572900
-19.5512443516343
-19.5811551342381
-19.6110964206553
-19.6410682264397
-19.6710705671452
-19.7011034583259
-19.7311669155355
-19.7612609543280
-19.7913855902572
-19.8215408388772
-19.8517267157416
-19.8819432364046
-19.9121904164199
-19.9424682713414
-19.9727768167231
-20.0031160681189
-20.0334860410826
-20.0638867511682
-20.0943182139295
-20.1247804449205
-20.1552734596951
-20.1857972738070
-20.2163519028104
-20.2469373622590
-20.2775536677067
-20.3082008347075
-20.3388788788152
-20.3695878155837
-20.4003276605670
-20.4310984293190
-20.4619001373935
-20.4927328003444
-20.5235964337256
-20.5544910530911
-20.5854166739948
-20.6163733119904
-20.6473609826320
-20.6783797014735
-20.7094294840686
-20.7405103459714
-20.7716223027357
-20.8027653699154
-20.8339395630645
-20.8651448977368
-20.8963813894862
-20.9276490538667
-20.9589479064320
-20.9902779627362
-21.0216392383331
-21.0530317487766
-21.0844555096206
-21.1159105364191
-21.1473968447258
-21.1789144500948
-21.2104633680799
-21.2420436142350
-21.2736552041140
-21.3052981532708
-21.3369724772593
-21.3686781916335
-21.4004153119471
-21.4321838537542
-21.4639838326085
-21.4958152640640
-21.5276781636747
-21.5595725469943
-21.5914984295769
-21.6234558269762
-21.6554447547462
-21.6874652284409
-21.7195172636140
-21.7516008758195
-21.7837160806113
-21.8158628935433
-21.8480413301694
-21.8802514060435
-21.9124931367194
-21.9447665377512
-21.9770716246926
-22.0094084130976
-22.0417769185201
-22.0741771565140
-22.1066091426331
-22.1390728924315
-22.1715684214629
-22.2040957452813
-22.2366548794405
-22.2692458394946
-22.3018686409973
-22.3345232995026
-22.3672098305643
-22.3999282497364
-22.4326785725728
-22.4654608146274
-22.4982749914540
-22.5311211186066
-22.5639992116390
-22.5969092861053
-22.6298513575591
-22.6628254415546
-22.6958315536455
-22.7288697093857
-22.7619399243292
-22.7950422140299
-22.8281765940416
-22.8613430799183
-22.8945416872138
-22.9277724314821
-22.9610353282770
-22.9943303931525
-23.0276576416625
-23.0610170893607
-23.0944087518012
-23.1278326445379
-23.1612887831246
-23.1947771831153
-23.2282978600637
-23.2618508295240
-23.2954361070498
-23.3290537081952
-23.3627036485141
-23.3963859435603
-23.4301006088877
-23.4638476600502
-23.4976271126018
-23.5314389820963
-23.5652832840876
-23.5991600341297
-23.6330692477764
-23.6670109405816
-23.7009851280992
-23.7349918258832
-23.7690310494874
-23.8031028144657
-23.8372071363720
-23.8713440307603
-23.9055135131843
-23.9397155991981
-23.9739503043555
-24.0082176442104
-24.0425176343167
-24.0768502902284
-24.1112156274992
-24.1456136616832
-24.1800444083341
-24.2145078830060
-24.2490041012527
-24.2835330786281
-24.3180948306861
-24.3526893729806
-24.3873167210655
-24.4219768904946
-24.4566698968220
-24.4913957556015
-24.5261544823870
-24.5609460927324
-24.5957706021916
-24.6306280263185
-24.6655183806669
-24.7004416807909
-24.7353979422442
-24.7703871805809
-24.8054094113547
-24.8404646501196
-24.8755529124295
-24.9106742138383
-24.9458285698999
-24.9810159961681
-25.0162365081970
-25.0514901215403
-25.0867768517520
-25.1220967143859
-25.1574497249961
-25.1928358991363
-25.2282552523605
-25.2637078002226
-25.2991935582764
-25.3347125420759
-25.3702647671750
-25.4058502491275
-25.4414690034875
-25.4771210458086
-25.5128063916450
-25.5485250565504
-25.5842770560788
-25.6200624057840
-25.6558811212200
-25.6917332179407
-25.7276187114999
-25.7635376174516
-25.7994899513496
-25.8354757287479
-25.8714949652003
-25.9075476762608
-25.9436338774832
-25.9797535844215
-26.0159068126296
-26.0520935776612
-26.0883138950705
-26.1245677804112
-26.1608552492372
-26.1971763171025
-26.2335309995609
-26.2699193121663
-26.3063412704727
-26.3427968900339
-26.3792861864039
-26.4158091751365
-26.4523658717856
-26.4889562919052
-26.5255804510491
-26.5622383647713
-26.5989300486255
-26.6356555181658
-26.6724147889461
-26.7092078765201
-26.7460347964419
-26.7828955642653
-26.8197901955442
-26.8567187058326
-26.8936811106842
-26.9306774256531
-26.9677076662931
-27.0047718481582
-27.0418699868021
-27.0790020977789
-27.1161681966424
-27.1533682989465
-27.1906024202451
-27.2278705760921
-27.2651727820414
-27.3025090536469
-27.3398794064626
-27.3772838560422
-27.4147224179398
-27.4521951077091
-27.4897019409042
-27.5272429330789
-27.5648180997870
-27.6024274565826
-27.6400710190195
-27.6777488026515
-27.7154608230327
-27.7532070957168
-27.7909876362579
-27.8288024602097
-27.8666515831263
-27.9045350205614
-27.9424527880690
-27.9804049012030
-28.0183913755173
-28.0564122265657
-28.0944674699023
-28.1325571210808
-28.1706811956553
-28.2088397091795
-28.2470326772074
-28.2852601152928
-28.3235220389898
-28.3618184638521
-28.4001494054337
-28.4385148792884
-28.4769149009703
-28.5153494860331
-28.5538186500308
-28.5923224085172
-28.6308607770464
-28.6694337711721
-28.7080414064482
-28.7466836984287
-28.7853606626675
-28.8240723147185
-28.8628186701355
-28.9015997444725
-28.9404155532833
-28.9792661121219
-29.0181514365421
-29.0570715420979
-29.0960264443432
-29.1350161588318
-29.1740407011177
-29.2131000867547
-29.2521943312968
-29.2913234502978
-29.3304874593116
-29.3696863738923
-29.4089202095935
-29.4481889819693
-29.4874927065736
-29.5268313989602
-29.5662050746830
-29.6056137492960
-29.6450574383530
-29.6845361574079
-29.7240499220147
-29.7635987477272
-29.8031826500994
-29.8428016446851
-29.8824557470382
-29.9221449727126
-29.9618693372623
-30.0016288562411
-30.0414235452030
-30.0812534197017
-30.1211184952913
-30.1610187875256
-30.2009543119586
-30.2409250841440
-30.2809311196359
-30.3209724339881
-30.3610490427545
-30.4011609614890
-30.4413082057456
-30.4814907910780
-30.5217087330403
-30.5619620471863
-30.6022507490699
-30.6425748542450
-30.6829343782655
-30.7233293366854
-30.7637597450584
-30.8042256189385
-30.8447269738797
-30.8852638254357
-30.9258361891606
-30.9664440806081
-31.0070875153323
-31.0477665088869
-31.0884810768260
-31.1292312347033
-31.1700169980729
-31.2108383824885
-31.2516954035041
-31.2925880766737
-31.3335164175510
-31.3744804416900
-31.4154801646445
-31.4565156019686
-31.4975867692161
-31.5386936819408
-31.5798363556968
-31.6210148060378
-31.6622290485178
-31.7034790986906
-31.7447649721103
-31.7860866843306
-31.8274442509055
-31.8688376873889
-31.9102670093347
-31.9517322322967
-31.9932333718289
-32.0347704434852
-32.0763434628194
-32.1179524453856
-32.1595974067374
-32.2012783624290
-32.2429953280141
-32.2847483190467
-32.3265373510806
-32.3683624396698
-32.4102236003682
-32.4521208487296
-32.4940542003080
-32.5360236706573
-32.5780292753313
-32.6200710298839
-32.6621489498691
-32.7042630508408
-32.7464133483528
-32.7885998579591
-32.8308225952135
-32.8730815756699
-32.9153768148824
-32.9577083284046
-33.0000761317906
-33.0424802405942
-33.0849206703694
-33.1273974366701
-33.1699105550500
-33.2124600410632
-33.2550459102636
-33.2976681782050
-33.3403268604413
-33.3830219725264
-33.4257535300143
-33.4685215484588
-33.5113260434139
-33.5541670304334
-33.5970445250712
-33.6399585428812
-33.6829090994174
-33.7258962102336
-33.7689198908837
-33.8119801569216
-33.8550770239013
-33.8982105073765
-33.9413806229013
-33.9845873860295
-34.0278308123151
-34.0711109173118
-34.1144277165737
-34.1577812256546
-34.2011714601084
-34.2445984354890
-34.2880621673503
-34.3315626712462
-34.3750999627306
-34.4186740573575
-34.4622849706806
-34.5059327182540
-34.5496173156314
-34.5933387783669
-34.6370971220142
-34.6808923621274
-34.7247245142602
-34.7685935939667
-34.8124996168006
-34.8564425983160
-34.9004225540666
-34.9444394996065
-34.9884934504894
-35.0325844222693
-35.0767124305001
-35.1208774907357
-35.1650796185300
-35.2093188294368
-35.2535951390102
-35.2979085628039
-35.3422591163720
-35.3866468152682
-35.4310716750464
-35.4755337112607
-35.5200329394649
-35.5645693752128
-35.6091430340584
-35.6537539315555
-35.6984020832582
-35.7430875047202
-35.7878102114955
-35.8325702191379
-35.8773675432015
-35.9222021992400
-35.9670742028073
-36.0119835694574
-36.0569303147442
-36.1019144542216
-36.1469360034434
-36.1919949779636
-36.2370913933360
-36.2822252651146
-36.3273966088533
-36.3726054401059
-36.4178517744264
-36.4631356273686
-36.5084570144864
-36.5538159513339
-36.5992124534648
-36.6446465364330
-36.6901182157924
-36.7356275070971
-36.7811744259007
-36.8267589877574
-36.8723812082208
-36.9180411028450
-36.9637386871839
-37.0094739767912
-37.0552469872211
-37.1010577340272
-37.1469062327636
-37.1927924989842
-37.2387165482427
-37.2846783960932
-37.3306780580896
-37.3767155497856
-37.4227908867353
-37.4689040844925
-37.5150551586112
-37.5612441246452
-37.6074709981484
-37.6537357946747
-37.7000385297781
-37.7463792190123
-37.7927578779314
-37.8391745220892
-37.8856291670397
-37.9321218283366
-37.9786525215340
-38.0252212621857
-38.0718280658456
-38.1184729480676
-38.1651559244056
-38.2118770104136
-38.2586362216453
-38.3054335736547
-38.3522690819958
-38.3991427622224
-38.4460546298883
-38.4930047005476
-38.5399929897541
-38.5870195130617
-38.6340842860242
-38.6811873241957
-38.7283286431300
-38.7755082583810
-38.8227261855025
-38.8699824400486
-38.9172770375730
-38.9646099936298
-39.0119813237727
-39.0593910435557
-39.1068391685328
-39.1543257142577
-39.2018506962844
-39.2494141301667
-39.2970160314587
-39.3446564157141
-39.3923352984870
-39.4400526953311
-39.4878086218004
-39.5356030934487
-39.5834361258301
-39.6313077344983
-39.6792179350073
-39.7271667429110
-39.7751541737632
-39.8231802431179
-39.8712449665290
-39.9193483595503
-39.9674904377359
-40.0156712166395
-40.0638907118150
-40.1121489388164
-40.1604459131976
-40.2087816505125
-40.2571561663149
-40.3055694761587
-40.3540215955980
-40.4025125401864
-40.4510423254781
-40.4996109670268
-40.5482184803864
-40.5968648811109
-40.6455501847542
-40.6942744068701
-40.7430375630126
-40.7918396687355
-40.8406807395927
-40.8895607911382
-40.9384798389259
-40.9874378985095
-41.0364349854432
-41.0854711152806
-41.1345463035759
-41.1836605658827
-41.2328139177551
-41.2820063747469
-41.3312379524121
-41.3805086663045
-41.4298185319780
-41.4791675649866
-41.5285557808841
-41.5779831952244
-41.6274498235615
-41.6769556814492
-41.7265007844414
-41.7760851480920
-41.8257087879550
-41.8753717195842
-41.9250739585335
-41.9748155203568
-42.0245964206081
-42.0744166748411
-42.1242762986099
-42.1741753074683
-42.2241137169703
-42.2740915426696
-42.3241088001202
-42.3741655048761
-42.4242616724911
-42.4743973185191
-42.5245724585139
-42.5747871080296
-42.6250412826200
-42.6753349978390
-42.7256682692406
-42.7760411123785
-42.8264535428067
-42.8769055760791
-42.9273972277496
-42.9779285133721
-43.0284994485005
-43.0791100486887
-43.1297603294906
-43.1804503064601
-43.2311799951511
-43.2819494111175
-43.3327585699132
-43.3836074870920
-43.4344961782080
-43.4854246588149
-43.5363929444667
-43.5874010507173
-43.6384489931206
-43.6895367872305
-43.7406644486008
-43.7918319927856
-43.8430394353386
-43.8942867918138
-43.9455740777650
-43.9969013087463
-44.0482685003114
-44.0996756680143
-44.1511228274088
-44.2026099940490
-44.2541371834886
-44.3057044112815
-44.3573116929818
-44.4089590441431
-44.4606464803196
-44.5123740170650
-44.5641416699333
-44.6159494544784
-44.6677973862541
-44.7196854808144
-44.7716137537131
-44.8235822205042
-44.8755908967415
-44.9276397979790
-44.9797289397706
-45.0318583376701
-45.0840280072314
-45.1362379640085
-45.1884882235553
-45.2407788014256
-45.2931097131733
-45.3454809743524
-45.3978926005168
-45.4503446072203
-45.5028370100168
-45.5553698244602
-45.6079430661045
-45.6605567505036
-45.7132108932112
-45.7659055097815
-45.8186406157681
-45.8714162267251
-45.9242323582063
-45.9770890257657
-46.0299862449570
-46.0829240313343
-46.1359024004515
-46.1889213678623
-46.2419809491208
-46.2950811597809
-46.3482220153963
-46.4014035315211
-46.4546257237090
-46.5078886075141
-46.5611921984903
-46.6145365121913
-46.6679215641712
-46.7213473699837
-46.7748139451829
-46.8283213053226
-46.8818694659567
-46.9354584426392
-46.9890882509238
-47.0427589063645
-47.0964704245153
-47.1502228209300
-47.2040161111624
-47.2578503107666
-47.3117254352963
-47.3656415003056
-47.4195985213483
-47.4735965139783
-47.5276354937494
-47.5817154762157
-47.6358364769310
-47.6899985114491
-47.7442015953241
-47.7984457441097
-47.8527309733600
-47.9070572986287
-47.9614247354698
-48.0158332994372
-48.0702830060848
-48.1247738709665
-48.1793059096361
-48.2338791376477
-48.2884935705550
-48.3431492239120
-48.3978461132726
-48.4525842541907
-48.5073636622201
-48.5621843529148
-48.6170463418288
-48.6719496445157
-48.7268942765297
-48.7818802534245
-48.8369075907541
-48.8919763040723
-48.9470864089332
-49.0022379208904
-49.0574308554981
-49.1126652283100
-49.1679410548801
-49.2232583507623
-49.2786171315104
-49.3340174126784
-49.3894592098201
-49.4449425384895
-49.5004674142405
-49.5560338526269
-49.6116418692026
-49.6672914795216
-49.7229826991378
-49.7787155436050
-49.8344900284772
-49.8903061693082
-49.9461639816520
-50.0020634810624
-50.0580046830933
-50.1139876032987
-50.1700122572325
-50.2260786604485
-50.2821868285006
-50.3383367769428
-50.3945285213289
-50.4507620772128
-50.5070374601485
-50.5633546856898
-50.6197137693907
-50.6761147268050
-50.7325575734866
-50.7890423249894
-50.8455689968674
-50.9021376046744
-50.9587481639644
-51.0154006902911
-51.0720951992086
-51.1288317062707
-51.1856102270314
-51.2424307770444
-51.2992933718638
-51.3561980270434
-51.4131447581371
-51.4701335806988
-51.5271645102825
-51.5842375624419
-51.6413527527311
-51.6985100967039
-51.7557096099142
-51.8129513079159
-51.8702352062629
-51.9275613205091
-51.9849296662084
-52.0423402589148
-52.0997931141820
-52.1572882475641
-52.2148256746148
-52.2724054108881
-52.3300274719380
-52.3876918733182
-52.4453986305828
-52.5031477592855
-52.5609392749803
-52.6187731932212
-52.6766495295619
-52.7345682995564
-52.7925295187586
-52.8505332027224
-52.9085793670016
-52.9666680271503
-53.0247991987223
-53.0829728972714
-53.1411891383516
-53.1994479375168
-53.2577493103209
-53.3160932723178
-53.3744798390613
-53.4329090261055
-53.4913808490040
-53.5498953233110
-53.6084524645803
-53.6670522883657
-53.7256948102212
-53.7843800457007
-53.8431080103580
-53.9018787197471
-53.9606921894219
-54.0195484349362
-54.0784474718440
-54.1373893156992
-54.1963739820556
-54.2554014864672
-54.3144718444879
-54.3735850716715
-54.4327411835720
-54.4919401957432
-54.5511821237391
-54.6104669831135
-54.6697947894204
-54.7291655582137
-54.7885793050472
-54.8480360454748
-54.9075357950505
-54.9670785693282
-55.0266643838617
-55.0862932542049
-55.1459651959118
-55.2056802245362
-55.2654383556321
-55.3252396047533
-55.3850839874538
-55.4449715192874
-55.5049022158080
-55.5648760925696
-55.6248931651260
-55.6849534490311
-55.7450569598389
-55.8052037131032
-55.8653937243779
-55.9256270092170
-55.9859035831743
-56.0462234618037
-56.1065866606591
-56.1669931952945
-56.2274430812637
-56.2879363341206
-56.3484729694192
-56.4090530027132
-56.4696764495567
-56.5303433255035
-56.5910536461075
