  0.0000000E+00 ,
  0.0000000E+00 ,
  0.0000000E+00 ,
  0.0000000E+00 ,
  0.0000000E+00 ,
  0.0000000E+00 ,
  0.0000000E+00 ,
  0.0000000E+00 ,
  0.0000000E+00 ,
  0.0000000E+00 ,
  0.0000000E+00 ,
  0.0000000E+00 ,
  0.0000000E+00 ,
  0.0000000E+00 ,
  0.0000000E+00 ,
  0.0000000E+00 ,
  0.0000000E+00 ,
  0.0000000E+00 ,
  0.0000000E+00 ,
  0.0000000E+00 ,
  0.0000000E+00 ,
  0.0000000E+00 ,
  0.0000000E+00 ,
  0.0000000E+00 ,
  0.0000000E+00 ,
  0.0000000E+00 ,
  0.0000000E+00 ,
  0.0000000E+00 ,
  0.0000000E+00 ,
  0.0000000E+00 ,
  0.0000000E+00 ,
  0.0000000E+00 ,
  0.0000000E+00 ,
  0.0000000E+00 ,
  0.0000000E+00 ,
  0.0000000E+00 ,
  0.0000000E+00 ,
  0.0000000E+00 ,
  0.0000000E+00 ,
  0.0000000E+00 ,
  0.0000000E+00 ,
  0.1215099     ,
  0.1568735     ,
  0.2870020     ,
  0.6980213     ,
   1.720979     ,
   3.722290     ,
   6.712103     ,
   9.847389     ,
   12.18362     ,
   15.44770     ,
   22.14592     ,
   29.47228     ,
   33.17383     ,
   34.85114     ,
   35.92176     ,
   35.25441     ,
   34.91477     ,
   39.18322     ,
   48.70285     ,
   61.37592     ,
   70.75109     ,
   64.44237     ,
   56.39745     ,
   58.80689     ,
   74.84692     ,
   102.3971     ,
   134.6577     ,
   159.9579     ,
   167.6981     ,
   160.7044     ,
   156.0079     ,
   166.6494     ,
   190.7291     ,
   216.2958     ,
   231.4348     ,
   230.9194     ,
   216.7854     ,
   194.8301     ,
   170.7787     ,
   148.3199     ,
   128.9981     ,
   112.9794     ,
   99.82108     ,
   88.94931     ,
   79.82398     ,
   71.98539     ,
   65.13136     ,
   59.28929     ,
   55.07694     ,
   53.81445     ,
   56.63535     ,
   63.43842     ,
   74.63756     ,
   87.44637     ,
   95.87811     ,
   95.86701     ,
   88.56013     ,
   78.09210     ,
   68.39014     ,
   62.32100     ,
   62.26152     ,
   69.94314     ,
   84.46111     ,
   100.1336     ,
   109.2222     ,
   109.1410     ,
   103.5218     ,
   97.34207     ,
   93.84012     ,
   94.34250     ,
   98.80432     ,
   105.5759     ,
   110.7278     ,
   109.0369     ,
   98.72041     ,
   85.24824     ,
   75.74799     ,
   72.39279     ,
   72.94551     ,
   74.76118     ,
   77.58671     ,
   81.10571     ,
   84.86753     ,
   88.61114     ,
   92.24406     ,
   95.72997     ,
   99.04417     ,
   102.1700     ,
   105.0798     ,
   107.7256     ,
   110.0769     ,
   112.1013     ,
   113.7731     ,
   115.0554     ,
   115.9022     ,
   116.2670     ,
   116.1077     ,
   115.3398     ,
   113.8347     ,
   111.3763     ,
   107.6504     ,
   102.3600     ,
   95.49070     ,
   87.67844     ,
   80.40923     ,
   75.61551     ,
   74.57215     ,
   76.99675     ,
   81.29263     ,
   85.65961     ,
   88.98292     ,
   90.93156     ,
   91.68716     ,
   91.58637     ,
   90.91652     ,
   89.87135     ,
   88.58203     ,
   87.13880     ,
   85.58801     ,
   83.96192     ,
   82.29890     ,
   80.61030     ,
   78.90746     ,
   77.20197     ,
   75.50599     ,
   73.83515     ,
   72.20139     ,
   70.60081     ,
   69.03348     ,
   67.50348     ,
   66.00469     ,
   64.53728     ,
   63.10595     ,
   61.70579     ,
   60.34000     ,
   59.01901     ,
   57.74389     ,
   56.51272     ,
   55.31549     ,
   54.15256     ,
   53.03147     ,
   51.94806     ,
   50.89404     ,
   49.86128     ,
   48.86314     ,
   47.89838     ,
   46.95530     ,
   46.04445     ,
   45.17332     ,
   44.34192     ,
   43.53361     ,
   42.73531     ,
   41.94768     ,
   41.18313     ,
   40.45103     ,
   39.74059     ,
   39.04084     ,
   38.35271     ,
   37.68837     ,
   37.05713     ,
   36.44814     ,
   35.84971     ,
   35.26006     ,
   34.68580     ,
   34.13033     ,
   33.58762     ,
   33.06464     ,
   32.55661     ,
   32.05712     ,
   31.56701     ,
   31.09362     ,
   30.63948     ,
   30.19555     ,
   29.76287     ,
   29.33002     ,
   28.89421     ,
   28.47393     ,
   28.07539     ,
   27.69831     ,
   27.33438     ,
   26.96615     ,
   26.59990     ,
   26.24597     ,
   25.90377     ,
   25.58182     ,
   25.27229     ,
   24.96099     ,
   24.63908     ,
   24.31582     ,
   24.01803     ,
   23.74273     ,
   23.46291     ,
   23.17340     ,
   22.88451     ,
   22.60976     ,
   22.35237     ,
   22.10032     ,
   21.85165     ,
   21.60077     ,
   21.35397     ,
   21.11318     ,
   20.88834     ,
   20.67046     ,
   20.44493     ,
   20.21170     ,
   19.98980     ,
   19.78121     ,
   19.57950     ,
   19.37942     ,
   19.17941     ,
   18.98185     ,
   18.79265     ,
   18.61774     ,
   18.45122     ,
   18.27238     ,
   18.08167     ,
   17.89210     ,
   17.71774     ,
   17.56091     ,
   17.40740     ,
   17.25152     ,
   17.08464     ,
   16.91833     ,
   16.76196     ,
   16.60881     ,
   16.45940     ,
   16.30860     ,
   16.16179     ,
   16.01875     ,
   15.88640     ,
   15.75475     ,
   15.61828     ,
   15.48690     ,
   15.35485     ,
   15.22049     ,
   15.09693     ,
   14.97832     ,
   14.85183     ,
   14.71841     ,
   14.59731     ,
   14.49050     ,
   14.39088     ,
   14.29030     ,
   14.18048     ,
   14.05496     ,
   13.91993     ,
   13.79685     ,
   13.68806     ,
   13.58709     ,
   13.48853     ,
   13.38983     ,
   13.29026     ,
   13.18969     ,
   13.08818     ,
   12.98648     ,
   12.88738     ,
   12.79693     ,
   12.72250     ,
   12.66195     ,
   12.60051     ,
   12.53948     ,
   12.47967     ,
   12.42105     ,
   12.36363     ,
   12.30740     ,
   12.25236     ,
   12.19849     ,
   12.14578     ,
   12.09424     ,
   12.04385     ,
   11.99461     ,
   11.94650     ,
   11.89953     ,
   11.85368     ,
   11.80895     ,
   11.76533     ,
   11.72281     ,
   11.68138     ,
   11.64105     ,
   11.60179     ,
   11.56361     ,
   11.52650     ,
   11.49045     ,
   11.45544     ,
   11.42149     ,
   11.38857     ,
   11.35668     ,
   11.32581     ,
   11.29596     ,
   11.26712     ,
   11.23928     ,
   11.21244     ,
   11.18658     ,
   11.16170     ,
   11.13780     ,
   11.11486     ,
   11.09287     ,
   11.07184     ,
   11.05176     ,
   11.03261     ,
   11.01439     ,
   10.99709     ,
   10.98070     ,
   10.96523     ,
   10.95065     ,
   10.93697     ,
   10.92417     ,
   10.91225     ,
   10.90121     ,
   10.89103     ,
   10.88170     ,
   10.87323     ,
   10.86559     ,
   10.85880     ,
   10.85283     ,
   10.84768     ,
   10.84334     ,
   10.83982     ,
   10.83709     ,
   10.83515     ,
   10.83400     ,
   10.83363     ,
   10.83402     ,
   10.83518     ,
   10.83710     ,
   10.83976     ,
   10.84317     ,
   10.84731     ,
   10.85217     ,
   10.85776     ,
   10.86406     ,
   10.87107     ,
   10.87877     ,
   10.88716     ,
   10.89624     ,
   10.90599     ,
   10.91642     ,
   10.92750     ,
   10.93924     ,
   10.95163     ,
   10.96466     ,
   10.97832     ,
   10.99260     ,
   11.00751     ,
   11.02303     ,
   11.03915     ,
   11.05587     ,
   11.07317     ,
   11.09106     ,
   11.10953     ,
   11.12856     ,
   11.14816     ,
   11.16831     ,
   11.18900     ,
   11.21023     ,
   11.23200     ,
   11.25429     ,
   11.27710     ,
   11.30042     ,
   11.32424     ,
   11.34855     ,
   11.37336     ,
   11.39865     ,
   11.42441     ,
   11.45064     ,
   11.47733     ,
   11.50447     ,
   11.53205     ,
   11.56007     ,
   11.58853     ,
   11.61741     ,
   11.64670     ,
   11.67641     ,
   11.70651     ,
   11.73701     ,
   11.76790     ,
   11.79917     ,
   11.83081     ,
   11.86281     ,
   11.89518     ,
   11.92790     ,
   11.96096     ,
   11.99435     ,
   12.02808     ,
   12.06213     ,
   12.09649     ,
   12.13117     ,
   12.16614     ,
   12.20141     ,
   12.23696     ,
   12.27279     ,
   12.30890     ,
   12.34527     ,
   12.38189     ,
   12.41877     ,
   12.45589     ,
   12.49324     ,
   12.53083     ,
   12.56863     ,
   12.60665     ,
   12.64488     ,
   12.68330     ,
   12.72192     ,
   12.76072     ,
   12.79970     ,
   12.83885     ,
   12.87817     ,
   12.91764     ,
   12.95726     ,
   12.99702     ,
   13.03692     ,
   13.07694     ,
   13.11709     ,
   13.15734     ,
   13.19771     ,
   13.23817     ,
   13.27872     ,
   13.31936     ,
   13.36007     ,
   13.40085     ,
   13.44170     ,
   13.48260     ,
   13.52355     ,
   13.56453     ,
   13.60556     ,
   13.64660     ,
   13.68767     ,
   13.72875     ,
   13.76983     ,
   13.81092     ,
   13.85199     ,
   13.89304     ,
   13.93407     ,
   13.97507     ,
   14.01603     ,
   14.05694     ,
   14.09780     ,
   14.13860     ,
   14.17933     ,
   14.21999     ,
   14.26056     ,
   14.30104     ,
   14.34143     ,
   14.38172     ,
   14.42189     ,
   14.46195     ,
   14.50188     ,
   14.54167     ,
   14.58133     ,
   14.62084     ,
   14.66019     ,
   14.69939     ,
   14.73841     ,
   14.77726     ,
   14.81593     ,
   14.85440     ,
   14.89268     ,
   14.93075     ,
   14.96861     ,
   15.00625     ,
   15.04367     ,
   15.08086     ,
   15.11782     ,
   15.15456     ,
   15.19108     ,
   15.22738     ,
   15.26345     ,
   15.29930     ,
   15.33493     ,
   15.37034     ,
   15.40552     ,
   15.44049     ,
   15.47524     ,
   15.50976     ,
   15.54407     ,
   15.57816     ,
   15.61203     ,
   15.64568     ,
   15.67912     ,
   15.71234     ,
   15.74534     ,
   15.77813     ,
   15.81070     ,
   15.84305     ,
   15.87519     ,
   15.90712     ,
   15.93884     ,
   15.97034     ,
   16.00163     ,
   16.03270     ,
   16.06356     ,
   16.09422     ,
   16.12466     ,
   16.15489     ,
   16.18491     ,
   16.21472     ,
   16.24432     ,
   16.27371     ,
   16.30290     ,
   16.33187     ,
   16.36065     ,
   16.38921     ,
   16.41756     ,
   16.44571     ,
   16.47366     ,
   16.50140     ,
   16.52893     ,
   16.55626     ,
   16.58339     ,
   16.61032     ,
   16.63704     ,
   16.66356     ,
   16.68987     ,
   16.71599     ,
   16.74190     ,
   16.76762     ,
   16.79313     ,
   16.81844     ,
   16.84356     ,
   16.86847     ,
   16.89319     ,
   16.91771     ,
   16.94203     ,
   16.96616     ,
   16.99009     ,
   17.01382     ,
   17.03736     ,
   17.06070     ,
   17.08384     ,
   17.10680     ,
   17.12955     ,
   17.15212     ,
   17.17449     ,
   17.19667     ,
   17.21866     ,
   17.24046     ,
   17.26206     ,
   17.28348     ,
   17.30470     ,
   17.32574     ,
   17.34658     ,
   17.36724     ,
   17.38771     ,
   17.40799     ,
   17.42808     ,
   17.44799     ,
   17.46771     ,
   17.48724     ,
   17.50659     ,
   17.52575     ,
   17.54473     ,
   17.56352     ,
   17.58213     ,
   17.60056     ,
   17.61880     ,
   17.63686     ,
   17.65474     ,
   17.67243     ,
   17.68995     ,
   17.70728     ,
   17.72444     ,
   17.74141     ,
   17.75821     ,
   17.77482     ,
   17.79126     ,
   17.80752     ,
   17.82360     ,
   17.83950     ,
   17.85523     ,
   17.87078     ,
   17.88616     ,
   17.90136     ,
   17.91639     ,
   17.93124     ,
   17.94592     ,
   17.96042     ,
   17.97475     ,
   17.98891     ,
   18.00290     ,
   18.01671     ,
   18.03035     ,
   18.04383     ,
   18.05713     ,
   18.07026     ,
   18.08322     ,
   18.09602     ,
   18.10864     ,
   18.12110     ,
   18.13339     ,
   18.14551     ,
   18.15746     ,
   18.16925     ,
   18.18088     ,
   18.19233     ,
   18.20363     ,
   18.21476     ,
   18.22572     ,
   18.23652     ,
   18.24716     ,
   18.25763     ,
   18.26795     ,
   18.27810     ,
   18.28809     ,
   18.29791     ,
   18.30758     ,
   18.31709     ,
   18.32644     ,
   18.33563     ,
   18.34466     ,
   18.35353     ,
   18.36225     ,
   18.37081     ,
   18.37921     ,
   18.38745     ,
   18.39554     ,
   18.40347     ,
   18.41125     ,
   18.41887     ,
   18.42634     ,
   18.43366     ,
   18.44082     ,
   18.44783     ,
   18.45469     ,
   18.46140     ,
   18.46795     ,
   18.47435     ,
   18.48060     ,
   18.48671     ,
   18.49266     ,
   18.49846     ,
   18.50412     ,
   18.50963     ,
   18.51499     ,
   18.52020     ,
   18.52526     ,
   18.53018     ,
   18.53495     ,
   18.53958     ,
   18.54406     ,
   18.54840     ,
   18.55259     ,
   18.55664     ,
   18.56054     ,
   18.56431     ,
   18.56793     ,
   18.57141     ,
   18.57475     ,
   18.57794     ,
   18.58100     ,
   18.58391     ,
   18.58669     ,
   18.58932     ,
   18.59182     ,
   18.59418     ,
   18.59640     ,
   18.59849     ,
   18.60043     ,
   18.60224     ,
   18.60392     ,
   18.60546     ,
   18.60686     ,
   18.60813     ,
   18.60926     ,
   18.61027     ,
   18.61113     ,
   18.61187     ,
   18.61247     ,
   18.61294     ,
   18.61328     ,
   18.61348     ,
   18.61356     ,
   18.61351     ,
   18.61332     ,
   18.61301     ,
   18.61257     ,
   18.61200     ,
   18.61130     ,
   18.61048     ,
   18.60952     ,
   18.60845     ,
   18.60724     ,
   18.60591     ,
   18.60445     ,
   18.60287     ,
   18.60117     ,
   18.59934     ,
   18.59739     ,
   18.59531     ,
   18.59311     ,
   18.59079     ,
   18.58835     ,
   18.58578     ,
   18.58310     ,
   18.58030     ,
   18.57737     ,
   18.57433     ,
   18.57117     ,
   18.56789     ,
   18.56449     ,
   18.56097     ,
   18.55734     ,
   18.55359     ,
   18.54972     ,
   18.54574     ,
   18.54164     ,
   18.53743     ,
   18.53310     ,
   18.52866     ,
   18.52411     ,
   18.51944     ,
   18.51466     ,
   18.50977     ,
   18.50476     ,
   18.49965     ,
   18.49442     ,
   18.48908     ,
   18.48364     ,
   18.47808     ,
   18.47242     ,
   18.46664     ,
   18.46076     ,
   18.45477     ,
   18.44868     ,
   18.44247     ,
   18.43616     ,
   18.42975     ,
   18.42323     ,
   18.41660     ,
   18.40987     ,
   18.40304     ,
   18.39610     ,
   18.38906     ,
   18.38192     ,
   18.37467     ,
   18.36732     ,
   18.35987     ,
   18.35232     ,
   18.34467     ,
   18.33692     ,
   18.32907     ,
   18.32112     ,
   18.31307     ,
   18.30493     ,
   18.29668     ,
   18.28834     ,
   18.27991     ,
   18.27137     ,
   18.26274     ,
   18.25402     ,
   18.24520     ,
   18.23628     ,
   18.22727     ,
   18.21817     ,
   18.20897     ,
   18.19968     ,
   18.19030     ,
   18.18083     ,
   18.17127     ,
   18.16161     ,
   18.15187     ,
   18.14203     ,
   18.13210     ,
   18.12209     ,
   18.11198     ,
   18.10179     ,
   18.09151     ,
   18.08115     ,
   18.07069     ,
   18.06015     ,
   18.04952     ,
   18.03881     ,
   18.02802     ,
   18.01713     ,
   18.00617     ,
   17.99512     ,
   17.98399     ,
   17.97277     ,
   17.96147     ,
   17.95009     ,
   17.93863     ,
   17.92709     ,
   17.91546     ,
   17.90376     ,
   17.89198     ,
   17.88011     ,
   17.86817     ,
   17.85616     ,
   17.84406     ,
   17.83188     ,
   17.81963     ,
   17.80730     ,
   17.79490     ,
   17.78242     ,
   17.76986     ,
   17.75723     ,
   17.74453     ,
   17.73175     ,
   17.71890     ,
   17.70597     ,
   17.69298     ,
   17.67991     ,
   17.66677     ,
   17.65356     ,
   17.64027     ,
   17.62692     ,
   17.61350     ,
   17.60001     ,
   17.58645     ,
   17.57282     ,
   17.55912     ,
   17.54536     ,
   17.53152     ,
   17.51763     ,
   17.50366     ,
   17.48963     ,
   17.47554     ,
   17.46138     ,
   17.44715     ,
   17.43287     ,
   17.41851     ,
   17.40410     ,
   17.38962     ,
   17.37508     ,
   17.36048     ,
   17.34582     ,
   17.33110     ,
   17.31631     ,
   17.30147     ,
   17.28657     ,
   17.27161     ,
   17.25659     ,
   17.24151     ,
   17.22637     ,
   17.21118     ,
   17.19593     ,
   17.18063     ,
   17.16526     ,
   17.14985     ,
   17.13438     ,
   17.11885     ,
   17.10327     ,
   17.08764     ,
   17.07195     ,
   17.05621     ,
   17.04042     ,
   17.02458     ,
   17.00868     ,
   16.99274     ,
   16.97674     ,
   16.96070     ,
   16.94460     ,
   16.92846     ,
   16.91226     ,
   16.89602     ,
   16.87974     ,
   16.86340     ,
   16.84702     ,
   16.83059     ,
   16.81411     ,
   16.79759     ,
   16.78103     ,
   16.76442     ,
   16.74777     ,
   16.73107     ,
   16.71433     ,
   16.69755     ,
   16.68072     ,
   16.66385     ,
   16.64695     ,
   16.63000     ,
   16.61301     ,
   16.59598     ,
   16.57891     ,
   16.56180     ,
   16.54465     ,
   16.52747     ,
   16.51025     ,
   16.49299     ,
   16.47569     ,
   16.45836     ,
   16.44099     ,
   16.42358     ,
   16.40614     ,
   16.38867     ,
   16.37116     ,
   16.35362     ,
   16.33604     ,
   16.31843     ,
   16.30079     ,
   16.28312     ,
   16.26542     ,
   16.24768     ,
   16.22992     ,
   16.21212     ,
   16.19430     ,
   16.17644     ,
   16.15856     ,
   16.14065     ,
   16.12271     ,
   16.10474     ,
   16.08675     ,
   16.06873     ,
   16.05068     ,
   16.03261     ,
   16.01452     ,
   15.99640     ,
   15.97825     ,
   15.96008     ,
   15.94189     ,
   15.92367     ,
   15.90543     ,
   15.88717     ,
   15.86889     ,
   15.85059     ,
   15.83227     ,
   15.81393     ,
   15.79556     ,
   15.77718     ,
   15.75878     ,
   15.74036     ,
   15.72192     ,
   15.70347     ,
   15.68500     ,
   15.66651     ,
   15.64801     ,
   15.62949     ,
   15.61095     ,
   15.59240     ,
   15.57384     ,
   15.55526     ,
   15.53667     ,
   15.51807     ,
   15.49945     ,
   15.48082     ,
   15.46218     ,
   15.44353     ,
   15.42487     ,
   15.40620     ,
   15.38752     ,
   15.36882     ,
   15.35012     ,
   15.33142     ,
   15.31270     ,
   15.29398     ,
   15.27525     ,
   15.25651     ,
   15.23776     ,
   15.21902     ,
   15.20026     ,
   15.18150     ,
   15.16274     ,
   15.14397     ,
   15.12520     ,
   15.10642     ,
   15.08765     ,
   15.06887     ,
   15.05009     ,
   15.03131     ,
   15.01252     ,
   14.99374     ,
   14.97496     ,
   14.95617     ,
   14.93739     ,
   14.91861     ,
   14.89984     ,
   14.88106     ,
   14.86229     ,
   14.84352     ,
   14.82475     ,
   14.80599     ,
   14.78724     ,
   14.76849     ,
   14.74974     ,
   14.73100     ,
   14.71227     ,
   14.69354     ,
   14.67482     ,
   14.65611     ,
   14.63741     ,
   14.61871     ,
   14.60003     ,
   14.58135     ,
   14.56269     ,
   14.54403     ,
   14.52539     ,
   14.50676     ,
   14.48814     ,
   14.46953     ,
   14.45093     ,
   14.43235     ,
   14.41378     ,
   14.39523     ,
   14.37669     ,
   14.35816     ,
   14.33965     ,
   14.32116     ,
   14.30268     ,
   14.28423     ,
   14.26578     ,
   14.24736     ,
   14.22895     ,
   14.21056     ,
   14.19219     ,
   14.17384     ,
   14.15551     ,
   14.13721     ,
   14.11892     ,
   14.10065     ,
   14.08241     ,
   14.06418     ,
   14.04598     ,
   14.02781     ,
   14.00965     ,
   13.99152     ,
   13.97342     ,
   13.95534     ,
   13.93728     ,
   13.91926     ,
   13.90125     ,
   13.88328     ,
   13.86533     ,
   13.84741     ,
   13.82952     ,
   13.81165     ,
   13.79382     ,
   13.77601     ,
   13.75824     ,
   13.74049     ,
   13.72278     ,
   13.70510     ,
   13.68744     ,
   13.66983     ,
   13.65224     ,
   13.63469     ,
   13.61717     ,
   13.59968     ,
   13.58223     ,
   13.56481     ,
   13.54743     ,
   13.53008     ,
   13.51278     ,
   13.49550     ,
   13.47827     ,
   13.46107     ,
   13.44391     ,
   13.42679     ,
   13.40971     ,
   13.39266     ,
   13.37566     ,
   13.35870     ,
   13.34178     ,
   13.32490     ,
   13.30806     ,
   13.29126     ,
   13.27451     ,
   13.25779     ,
   13.24113     ,
   13.22450     ,
   13.20792     ,
   13.19139     ,
   13.17490     ,
   13.15845     ,
   13.14206     ,
   13.12570     ,
   13.10940     ,
   13.09314     ,
   13.07694     ,
   13.06078     ,
   13.04466     ,
   13.02860     ,
   13.01259     ,
   12.99663     ,
   12.98072     ,
   12.96486     ,
   12.94905     ,
   12.93329     ,
   12.91759     ,
   12.90194     ,
   12.88634     ,
   12.87079     ,
   12.85530     ,
   12.83987     ,
   12.82449     ,
   12.80917     ,
   12.79390     ,
   12.77869     ,
   12.76353     ,
   12.74843     ,
   12.73339     ,
   12.71841     ,
   12.70349     ,
   12.68863     ,
   12.67383     ,
   12.65908     ,
   12.64440     ,
   12.62978     ,
   12.61522     ,
   12.60072     ,
   12.58628     ,
   12.57191     ,
   12.55760     ,
   12.54336     ,
   12.52918     ,
   12.51506     ,
   12.50101     ,
   12.48702     ,
   12.47310     ,
   12.45925     ,
   12.44546     ,
   12.43174     ,
   12.41809     ,
   12.40451     ,
   12.39099     ,
   12.37755     ,
   12.36417     ,
   12.35086     ,
   12.33763     ,
   12.32447     ,
   12.31137     ,
   12.29835     ,
   12.28540     ,
   12.27253     ,
   12.25972     ,
   12.24699     ,
   12.23434     ,
   12.22176     ,
   12.20926     ,
   12.19683     ,
   12.18447     ,
   12.17219     ,
   12.15999     ,
   12.14787     ,
   12.13583     ,
   12.12386     ,
   12.11197     ,
   12.10016     ,
   12.08843     ,
   12.07678     ,
   12.06521     ,
   12.05372     ,
   12.04231     ,
   12.03099     ,
   12.01974     ,
   12.00858     ,
   11.99751     ,
   11.98651     ,
   11.97560     ,
   11.96478     ,
   11.95404     ,
   11.94338     ,
   11.93281     ,
   11.92233     ,
   11.91193     ,
   11.90163     ,
   11.89140     ,
   11.88127     ,
   11.87123     ,
   11.86127     ,
   11.85141     ,
   11.84163     ,
   11.83194     ,
   11.82235     ,
   11.81285     ,
   11.80343     ,
   11.79411     ,
   11.78489     ,
   11.77575     ,
   11.76671     ,
   11.75776     ,
   11.74891     ,
   11.74016     ,
   11.73149     ,
   11.72293     ,
   11.71446     ,
   11.70609     ,
   11.69781     ,
   11.68963     ,
   11.68155     ,
   11.67357     ,
   11.66568     ,
   11.65790     ,
   11.65022     ,
   11.64263     ,
   11.63515     ,
   11.62777     ,
   11.62049     ,
   11.61331     ,
   11.60624     ,
   11.59926     ,
   11.59240     ,
   11.58563     ,
   11.57897     ,
   11.57241     ,
   11.56596     ,
   11.55962     ,
   11.55338     ,
   11.54725     ,
   11.54122     ,
   11.53531     ,
   11.52950     ,
   11.52380     ,
   11.51820     ,
   11.51272     ,
   11.50735     ,
   11.50208     ,
   11.49693     ,
   11.49189     ,
   11.48696     ,
   11.48214     ,
   11.47744     ,
   11.47285     ,
   11.46837     ,
   11.46400     ,
   11.45975     ,
   11.45562     ,
   11.45160     ,
   11.44769     ,
   11.44390     ,
   11.44023     ,
   11.43667     ,
   11.43323     ,
   11.42991     ,
   11.42671     ,
   11.42363     ,
   11.42067     ,
   11.41782     ,
   11.41510     ,
   11.41249     ,
   11.41001     ,
   11.40765     ,
   11.40541     ,
   11.40330     ,
   11.40130     ,
   11.39943     ,
   11.39768     ,
   11.39606     ,
   11.39456     ,
   11.39319     ,
   11.39194     ,
   11.39082     ,
   11.38983     ,
   11.38896     ,
   11.38822     ,
   11.38761     ,
   11.38712     ,
   11.38677     ,
   11.38654     ,
   11.38644     ,
   11.38648     ,
   11.38664     ,
   11.38694     ,
   11.38736     ,
   11.38792     ,
   11.38861     ,
   11.38943     ,
   11.39039     ,
   11.39148     ,
   11.39270     ,
   11.39406     ,
   11.39555     ,
   11.39718     ,
   11.39895     ,
   11.40085     ,
   11.40289     ,
   11.40506     ,
   11.40738     ,
   11.40983     ,
   11.41242     ,
   11.41515     ,
   11.41802     ,
   11.42103     ,
   11.42418     ,
   11.42746     ,
   11.43090     ,
   11.43447     ,
   11.43819     ,
   11.44204     ,
   11.44604     ,
   11.45019     ,
   11.45448     ,
   11.45891     ,
   11.46349     ,
   11.46821     ,
   11.47308     ,
   11.47810     ,
   11.48326     ,
   11.48857     ,
   11.49403     ,
   11.49963     ,
   11.50539     ,
   11.51129     ,
   11.51735     ,
   11.52355     ,
   11.52990     ,
   11.53640     ,
   11.54306     ,
   11.54987     ,
   11.55682     ,
   11.56394     ,
   11.57120     ,
   11.57862     ,
   11.58619     ,
   11.59392     ,
   11.60180     ,
   11.60984     ,
   11.61803     ,
   11.62638     ,
   11.63488     ,
   11.64355     ,
   11.65237     ,
   11.66134     ,
   11.67048     ,
   11.67978     ,
   11.68923     ,
   11.69884     ,
   11.70862     ,
   11.71856     ,
   11.72865     ,
   11.73891     ,
   11.74933     ,
   11.75992     ,
   11.77066     ,
   11.78157     ,
   11.79265     ,
   11.80388     ,
   11.81529     ,
   11.82685     ,
   11.83859     ,
   11.85049     ,
   11.86255     ,
   11.87479     ,
   11.88719     ,
   11.89976     ,
   11.91249     ,
   11.92540     ,
   11.93848     ,
   11.95172     ,
   11.96514     ,
   11.97872     ,
   11.99248     ,
   12.00641     ,
   12.02051     ,
   12.03478     ,
   12.04923     ,
   12.06385     ,
   12.07864     ,
   12.09361     ,
   12.10875     ,
   12.12407     ,
   12.13956     ,
   12.15523     ,
   12.17108     ,
   12.18710     ,
   12.20330     ,
   12.21968     ,
   12.23624     ,
   12.25297     ,
   12.26989     ,
   12.28698     ,
   12.30425     ,
   12.32171     ,
   12.33935     ,
   12.35716     ,
   12.37516     ,
   12.39334     ,
   12.41171     ,
   12.43026     ,
   12.44899     ,
   12.46790     ,
   12.48700     ,
   12.50629     ,
   12.52576     ,
   12.54542     ,
   12.56526     ,
   12.58529     ,
   12.60551     ,
   12.62592     ,
   12.64651     ,
   12.66729     ,
   12.68826     ,
   12.70943     ,
   12.73078     ,
   12.75232     ,
   12.77405     ,
   12.79598     ,
   12.81809     ,
   12.84040     ,
   12.86290     ,
   12.88560     ,
   12.90848     ,
   12.93157     ,
   12.95484     ,
   12.97832     ,
   13.00198     ,
   13.02585     ,
   13.04990     ,
   13.07416     ,
   13.09862     ,
   13.12327     ,
   13.14812     ,
   13.17316     ,
   13.19841     ,
   13.22386     ,
   13.24951     ,
   13.27535     ,
   13.30140     ,
   13.32765     ,
   13.35410     ,
   13.38075     ,
   13.40761     ,
   13.43467     ,
   13.46193     ,
   13.48940     ,
   13.51707     ,
   13.54495     ,
   13.57303     ,
   13.60132     ,
   13.62981     ,
   13.65851     ,
   13.68742     ,
   13.71654     ,
   13.74586     ,
   13.77539     ,
   13.80513     ,
   13.83508     ,
   13.86524     ,
   13.89561     ,
   13.92620     ,
   13.95699     ,
   13.98800     ,
   14.01921     ,
   14.05064     ,
   14.08228     ,
   14.11414     ,
   14.14621     ,
   14.17849     ,
   14.21099     ,
   14.24371     ,
   14.27664     ,
   14.30978     ,
   14.34315     ,
   14.37673     ,
   14.41053     ,
   14.44454     ,
   14.47878     ,
   14.51323     ,
   14.54790     ,
   14.58280     ,
   14.61791     ,
   14.65324     ,
   14.68880     ,
   14.72458     ,
   14.76057     ,
   14.79679     ,
   14.83324     ,
   14.86991     ,
   14.90680     ,
   14.94391     ,
   14.98125     ,
   15.01882     ,
   15.05661     ,
   15.09463     ,
   15.13287     ,
   15.17134     ,
   15.21004     ,
   15.24897     ,
   15.28813     ,
   15.32751     ,
   15.36712     ,
   15.40697     ,
   15.44704     ,
   15.48734     ,
   15.52788     ,
   15.56864     ,
   15.60964     ,
   15.65087     ,
   15.69234     ,
   15.73404     ,
   15.77597     ,
   15.81813     ,
   15.86053     ,
   15.90317     ,
   15.94604     ,
   15.98915     ,
   16.03249     ,
   16.07607     ,
   16.11989     ,
   16.16394     ,
   16.20824     ,
   16.25277     ,
   16.29754     ,
   16.34255     ,
   16.38781     ,
   16.43330     ,
   16.47903     ,
   16.52501     ,
   16.57122     ,
   16.61768     ,
   16.66439     ,
   16.71133     ,
   16.75852     ,
   16.80595     ,
   16.85363     ,
   16.90156     ,
   16.94972     ,
   16.99814     ,
   17.04680     ,
   17.09571     ,
   17.14487     ,
   17.19427     ,
   17.24392     ,
   17.29382     ,
   17.34397     ,
   17.39437     ,
   17.44501     ,
   17.49591     ,
   17.54707     ,
   17.59847     ,
   17.65012     ,
   17.70203     ,
   17.75419     ,
   17.80660     ,
   17.85926     ,
   17.91218     ,
   17.96536     ,
   18.01879     ,
   18.07247     ,
   18.12641     ,
   18.18061     ,
   18.23506     ,
   18.28977     ,
   18.34474     ,
   18.39997     ,
   18.45546     ,
   18.51120     ,
   18.56720     ,
   18.62347     ,
   18.67999     ,
   18.73678     ,
   18.79383     ,
   18.85114     ,
   18.90870     ,
   18.96654     ,
   19.02464     ,
   19.08300     ,
   19.14162     ,
   19.20051     ,
   19.25966     ,
   19.31908     ,
   19.37877     ,
   19.43872     ,
   19.49894     ,
   19.55942     ,
   19.62017     ,
   19.68120     ,
   19.74249     ,
   19.80404     ,
   19.86587     ,
   19.92797     ,
   19.99034     ,
   20.05298     ,
   20.11589     ,
   20.17907     ,
   20.24253     ,
   20.30625     ,
   20.37025     ,
   20.43452     ,
   20.49907     ,
   20.56389     ,
   20.62899     ,
   20.69436     ,
   20.76001     ,
   20.82593     ,
   20.89213     ,
   20.95861     ,
   21.02537     ,
   21.09240     ,
   21.15971     ,
   21.22730     ,
   21.29517     ,
   21.36332     ,
   21.43175     ,
   21.50047     ,
   21.56946     ,
   21.63873     ,
   21.70829     ,
   21.77812     ,
   21.84824     ,
   21.91865     ,
   21.98934     ,
   22.06031     ,
   22.13157     ,
   22.20311     ,
   22.27494     ,
   22.34706     ,
   22.41946     ,
   22.49215     ,
   22.56512     ,
   22.63839     ,
   22.71194     ,
   22.78578     ,
   22.85991     ,
   22.93433     ,
   23.00904     ,
   23.08404     ,
   23.15933     ,
   23.23492     ,
   23.31079     ,
   23.38696     ,
   23.46342     ,
   23.54018     ,
   23.61723     ,
   23.69457     ,
   23.77220     ,
   23.85014     ,
   23.92836     ,
   24.00689     ,
   24.08571     ,
   24.16483     ,
   24.24424     ,
   24.32396     ,
   24.40396     ,
   24.48428     ,
   24.56488     ,
   24.64579     ,
   24.72700     ,
   24.80851     ,
   24.89032     ,
   24.97243     ,
   25.05485     ,
   25.13757     ,
   25.22058     ,
   25.30391     ,
   25.38753     ,
   25.47146     ,
   25.55570     ,
   25.64024     ,
   25.72508     ,
   25.81024     ,
   25.89569     ,
   25.98146     ,
   26.06753     ,
   26.15391     ,
   26.24060     ,
   26.32760     ,
   26.41490     ,
   26.50252     ,
   26.59044     ,
   26.67868     ,
   26.76723     ,
   26.85609     ,
   26.94526     ,
   27.03474     ,
   27.12453     ,
   27.21465     ,
   27.30507     ,
   27.39580     ,
   27.48685     ,
   27.57822     ,
   27.66990     ,
   27.76190     ,
   27.85421     ,
   27.94684     ,
   28.03979     ,
   28.13306     ,
   28.22664     ,
   28.32055     ,
   28.41477     ,
   28.50931     ,
   28.60417     ,
   28.69935     ,
   28.79485     ,
   28.89068     ,
   28.98682     ,
   29.08329     ,
   29.18008     ,
   29.27719     ,
   29.37463     ,
   29.47239     ,
   29.57048     ,
   29.66889     ,
   29.76762     ,
   29.86668     ,
   29.96607     ,
   30.06579     ,
   30.16583     ,
   30.26620     ,
   30.36690     ,
   30.46792     ,
   30.56928     ,
   30.67096     ,
   30.77298     ,
   30.87532     ,
   30.97800     ,
   31.08101     ,
   31.18434     ,
   31.28802     ,
   31.39202     ,
   31.49635     ,
   31.60103     ,
   31.70603     ,
   31.81137     ,
   31.91704     ,
   32.02305     ,
   32.12939     ,
   32.23607     ,
   32.34309     ,
   32.45044     ,
   32.55814     ,
   32.66616     ,
   32.77453     ,
   32.88324     ,
   32.99229     ,
   33.10167     ,
   33.21140     ,
   33.32147     ,
   33.43188     ,
   33.54263     ,
   33.65372     ,
   33.76516     ,
   33.87693     ,
   33.98905     ,
   34.10152     ,
   34.21433     ,
   34.32748     ,
   34.44098     ,
   34.55483     ,
   34.66902     ,
   34.78356     ,
   34.89844     ,
   35.01368     ,
   35.12926     ,
   35.24518     ,
   35.36146     ,
   35.47809     ,
   35.59507     ,
   35.71239     ,
   35.83007     ,
   35.94810     ,
   36.06648     ,
   36.18521     ,
   36.30429     ,
   36.42373     ,
   36.54352     ,
   36.66367     ,
   36.78417     ,
   36.90502     ,
   37.02623     ,
   37.14779     ,
   37.26971     ,
   37.39199     ,
   37.51463     ,
   37.63762     ,
   37.76097     ,
   37.88467     ,
   38.00874     ,
   38.13317     ,
   38.25795     ,
   38.38309     ,
   38.50860     ,
   38.63447     ,
   38.76070     ,
   38.88729     ,
   39.01424     ,
   39.14156     ,
   39.26923     ,
   39.39728     ,
   39.52568     ,
   39.65446     ,
   39.78359     ,
   39.91309     ,
   40.04296     ,
   40.17319     ,
   40.30379     ,
   40.43476     ,
   40.56610     ,
   40.69781     ,
   40.82988     ,
   40.96232     ,
   41.09513     ,
   41.22832     ,
   41.36187     ,
   41.49579     ,
   41.63008     ,
   41.76476     ,
   41.89979     ,
   42.03520     ,
   42.17099     ,
   42.30714     ,
   42.44368     ,
   42.58059     ,
   42.71787     ,
   42.85553     ,
   42.99356     ,
   43.13197     ,
   43.27076     ,
   43.40992     ,
   43.54946     ,
   43.68938     ,
   43.82968     ,
   43.97036     ,
   44.11142     ,
   44.25285     ,
   44.39467     ,
   44.53687     ,
   44.67945     ,
   44.82241     ,
   44.96576     ,
   45.10949     ,
   45.25359     ,
   45.39809     ,
   45.54296     ,
   45.68822     ,
   45.83387     ,
   45.97990     ,
   46.12632     ,
   46.27312     ,
   46.42032     ,
   46.56789     ,
   46.71586     ,
   46.86421     ,
   47.01295     ,
   47.16209     ,
   47.31161     ,
   47.46152     ,
   47.61182     ,
   47.76251     ,
   47.91359     ,
   48.06507     ,
   48.21693     ,
   48.36919     ,
   48.52185     ,
   48.67489     ,
   48.82833     ,
   48.98217     ,
   49.13640     ,
   49.29102     ,
   49.44604     ,
   49.60146     ,
   49.75727     ,
   49.91348     ,
   50.07009     ,
   50.22709     ,
   50.38450     ,
   50.54230     ,
   50.70050     ,
   50.85910     ,
   51.01811     ,
   51.17751     ,
   51.33732     ,
   51.49752     ,
   51.65813     ,
   51.81914     ,
   51.98056     ,
   52.14238     ,
   52.30459     ,
   52.46722     ,
   52.63025     ,
   52.79369     ,
   52.95753     ,
   53.12177     ,
   53.28643     ,
   53.45148     ,
   53.61695     ,
   53.78283     ,
   53.94912     ,
   54.11581     ,
   54.28291     ,
   54.45043     ,
   54.61835     ,
   54.78668     ,
   54.95543     ,
   55.12458     ,
   55.29415     ,
   55.46413     ,
   55.63452     ,
   55.80533     ,
   55.97655     ,
   56.14818     ,
   56.32024     ,
   56.49270     ,
   56.66558     ,
   56.83887     ,
   57.01259     ,
   57.18671     ,
   57.36126     ,
   57.53623     ,
   57.71161     ,
   57.88741     ,
   58.06363     ,
   58.24028     ,
   58.41734     ,
   58.59482     ,
   58.77272     ,
   58.95105     ,
   59.12979     ,
   59.30896     ,
   59.48855     ,
   59.66856     ,
   59.84900     ,
   60.02987     ,
   60.21115     ,
   60.39286     ,
   60.57500     ,
   60.75756     ,
   60.94056     ,
   61.12397     ,
   61.30782     ,
   61.49209     ,
   61.67679     ,
   61.86192     ,
   62.04747     ,
   62.23346     ,
   62.41988     ,
   62.60673     ,
   62.79401     ,
   62.98172     ,
   63.16986     ,
   63.35843     ,
   63.54744     ,
   63.73689     ,
   63.92676     ,
   64.11707     ,
   64.30781     ,
   64.49899     ,
   64.69060     ,
   64.88265     ,
   65.07513     ,
   65.26805     ,
   65.46141     ,
   65.65521     ,
   65.84945     ,
   66.04412     ,
   66.23923     ,
   66.43478     ,
   66.63078     ,
   66.82722     ,
   67.02409     ,
   67.22141     ,
   67.41916     ,
   67.61736     ,
   67.81600     ,
   68.01508     ,
   68.21461     ,
   68.41458     ,
   68.61501     ,
   68.81586     ,
   69.01717     ,
   69.21893     ,
   69.42113     ,
   69.62377     ,
   69.82687     ,
   70.03040     ,
   70.23440     ,
   70.43884     ,
   70.64372     ,
   70.84905     ,
   71.05484     ,
   71.26108     ,
   71.46777     ,
   71.67490     ,
   71.88249     ,
   72.09054     ,
   72.29903     ,
   72.50798     ,
   72.71738     ,
   72.92724     ,
   73.13754     ,
   73.34830     ,
   73.55953     ,
   73.77120     ,
   73.98334     ,
   74.19592     ,
   74.40897     ,
   74.62247     ,
   74.83643     ,
   75.05085     ,
   75.26572     ,
   75.48107     ,
   75.69686     ,
   75.91312     ,
   76.12984     ,
   76.34702     ,
   76.56466     ,
   76.78277     ,
   77.00134     ,
   77.22037     ,
   77.43985     ,
   77.65981     ,
   77.88023     ,
   78.10111     ,
   78.32247     ,
   78.54428     ,
   78.76656     ,
   78.98931     ,
   79.21253     ,
   79.43621     ,
   79.66036     ,
   79.88499     ,
   80.11008     ,
   80.33563     ,
   80.56166     ,
   80.78815     ,
   81.01512     ,
   81.24256     ,
   81.47047     ,
   81.69886     ,
   81.92772     ,
   82.15704     ,
   82.38684     ,
   82.61712     ,
   82.84787     ,
   83.07909     ,
   83.31079     ,
   83.54297     ,
   83.77562     ,
   84.00874     ,
   84.24235     ,
   84.47643     ,
   84.71099     ,
   84.94603     ,
   85.18155     ,
   85.41755     ,
   85.65402     ,
   85.89098     ,
   86.12841     ,
   86.36633     ,
   86.60473     ,
   86.84361     ,
   87.08298     ,
   87.32282     ,
   87.56315     ,
   87.80396     ,
   88.04527     ,
   88.28704     ,
   88.52931     ,
   88.77206     ,
   89.01530     ,
   89.25902     ,
   89.50323     ,
   89.74793     ,
   89.99312     ,
   90.23879     ,
   90.48496     ,
   90.73161     ,
   90.97876     ,
   91.22639     ,
   91.47451     ,
   91.72313     ,
   91.97223     ,
   92.22182     ,
   92.47192     ,
   92.72250     ,
   92.97357     ,
   93.22514     ,
   93.47720     ,
   93.72977     ,
   93.98282     ,
   94.23637     ,
   94.49041     ,
   94.74495     ,
   94.99998     ,
   95.25552     ,
   95.51156     ,
   95.76809     ,
   96.02512     ,
   96.28264     ,
   96.54066     ,
   96.79919     ,
   97.05822     ,
   97.31776     ,
   97.57778     ,
   97.83831     ,
   98.09935     ,
   98.36088     ,
   98.62292     ,
   98.88547     ,
   99.14851     ,
   99.41207     ,
   99.67612     ,
   99.94069     ,
   100.2058     ,
   100.4713     ,
   100.7374     ,
   101.0040     ,
   101.2711     ,
   101.5387     ,
   101.8068     ,
   102.0754     ,
   102.3446     ,
   102.6142     ,
   102.8844     ,
   103.1550     ,
   103.4262     ,
   103.6979     ,
   103.9701     ,
   104.2428     ,
   104.5160     ,
   104.7897     ,
   105.0640     ,
   105.3388     ,
   105.6140     ,
   105.8898     ,
   106.1661     ,
   106.4430     ,
   106.7203     ,
   106.9982     ,
   107.2765     ,
   107.5554     ,
   107.8349     ,
   108.1148     ,
   108.3952     ,
   108.6762     ,
   108.9577     ,
   109.2397     ,
   109.5222     ,
   109.8053     ,
   110.0889     ,
   110.3730     ,
   110.6576     ,
   110.9427     ,
   111.2284     ,
   111.5146     ,
   111.8013     ,
   112.0886     ,
   112.3764     ,
   112.6646     ,
   112.9535     ,
   113.2428     ,
   113.5327     ,
   113.8231     ,
   114.1140     ,
   114.4055     ,
   114.6975     ,
   114.9900     ,
   115.2831     ,
   115.5767     ,
   115.8708     ,
   116.1654     ,
   116.4606     ,
   116.7563     ,
   117.0525     ,
   117.3493     ,
   117.6466     ,
   117.9445     ,
   118.2429     ,
   118.5418     ,
   118.8412     ,
   119.1412     ,
   119.4417     ,
   119.7428     ,
   120.0444     ,
   120.3465     ,
   120.6492     ,
   120.9524     ,
   121.2561     ,
   121.5604     ,
   121.8653     ,
   122.1706     ,
   122.4765     ,
   122.7830     ,
   123.0900     ,
   123.3975     ,
   123.7056     ,
   124.0142     ,
   124.3234     ,
   124.6331     ,
   124.9434     ,
   125.2542     ,
   125.5655     ,
   125.8774     ,
   126.1899     ,
   126.5028     ,
   126.8164     ,
   127.1305     ,
   127.4451     ,
   127.7603     ,
   128.0760     ,
   128.3923     ,
   128.7091     ,
   129.0265     ,
   129.3444     ,
   129.6629     ,
   129.9819     ,
   130.3015     ,
   130.6216     ,
   130.9423     ,
   131.2636     ,
   131.5854     ,
   131.9077     ,
   132.2306     ,
   132.5541     ,
   132.8781     ,
   133.2027     ,
   133.5278     ,
   133.8535     ,
   134.1797     ,
   134.5065     ,
   134.8339     ,
   135.1618     ,
   135.4903     ,
   135.8194     ,
   136.1490     ,
   136.4791     ,
   136.8098     ,
   137.1411     ,
   137.4730     ,
   137.8054     ,
   138.1384     ,
   138.4719     ,
   138.8060     ,
   139.1407     ,
   139.4759     ,
   139.8117     ,
   140.1481     ,
   140.4850     ,
   140.8225     ,
   141.1605     ,
   141.4992     ,
   141.8384     ,
   142.1781     ,
   142.5185     ,
   142.8594     ,
   143.2009     ,
   143.5429     ,
   143.8855     ,
   144.2287     ,
   144.5724     ,
   144.9168     ,
   145.2617     ,
   145.6072     ,
   145.9532     ,
   146.2998     ,
   146.6470     ,
   146.9948     ,
   147.3432     ,
   147.6921     ,
   148.0416     ,
   148.3917     ,
   148.7423     ,
   149.0935     ,
   149.4454     ,
   149.7977     ,
   150.1507     ,
   150.5043     ,
   150.8584     ,
   151.2131     ,
   151.5684     ,
   151.9242     ,
   152.2807     ,
   152.6377     ,
   152.9953     ,
   153.3535     ,
   153.7123     ,
   154.0717     ,
   154.4316     ,
   154.7922     ,
   155.1533     ,
   155.5150     ,
   155.8773     ,
   156.2401     ,
   156.6036     ,
   156.9677     ,
   157.3323     ,
   157.6975     ,
   158.0634     ,
   158.4298     ,
   158.7968     ,
   159.1643     ,
   159.5325     ,
   159.9013     ,
   160.2706     ,
   160.6406     ,
   161.0111     ,
   161.3823     ,
   161.7540     ,
   162.1263     ,
   162.4993     ,
   162.8728     ,
   163.2469     ,
   163.6216     ,
   163.9969     ,
   164.3728     ,
   164.7493     ,
   165.1264     ,
   165.5040     ,
   165.8823     ,
   166.2612     ,
   166.6407     ,
   167.0208     ,
   167.4015     ,
   167.7828     ,
   168.1646     ,
   168.5471     ,
   168.9302     ,
   169.3139     ,
   169.6982     ,
   170.0831     ,
   170.4686     ,
   170.8547     ,
   171.2414     ,
   171.6287     ,
   172.0166     ,
   172.4052     ,
   172.7943     ,
   173.1840     ,
   173.5744     ,
   173.9653     ,
   174.3569     ,
   174.7491     ,
   175.1419     ,
   175.5352     ,
   175.9292     ,
   176.3239     ,
   176.7191     ,
   177.1149     ,
   177.5114     ,
   177.9084     ,
   178.3061     ,
   178.7044     ,
   179.1033     ,
   179.5028     ,
   179.9029     ,
   180.3036     ,
   180.7050     ,
   181.1070     ,
   181.5096     ,
   181.9128     ,
   182.3166     ,
   182.7210     ,
   183.1261     ,
   183.5318     ,
   183.9380     ,
   184.3450     ,
   184.7525     ,
   185.1606     ,
   185.5694     ,
   185.9788     ,
   186.3889     ,
   186.7995     ,
   187.2108     ,
   187.6227     ,
   188.0352     ,
   188.4483     ,
   188.8621     ,
   189.2764     ,
   189.6914     ,
   190.1071     ,
   190.5233     ,
   190.9402     ,
   191.3577     ,
   191.7759     ,
   192.1947     ,
   192.6141     ,
   193.0341     ,
   193.4547     ,
   193.8760     ,
   194.2980     ,
   194.7205     ,
   195.1437     ,
   195.5675     ,
   195.9919     ,
   196.4170     ,
   196.8427     ,
   197.2691     ,
   197.6960     ,
   198.1236     ,
   198.5519     ,
   198.9808     ,
   199.4103     ,
   199.8405     ,
   200.2713     ,
   200.7027     ,
   201.1347     ,
   201.5674     ,
   202.0008     ,
   202.4348     ,
   202.8694     ,
   203.3046     ,
   203.7405     ,
   204.1771     ,
   204.6143     ,
   205.0521     ,
   205.4905     ,
   205.9297     ,
   206.3694     ,
   206.8098     ,
   207.2508     ,
   207.6925     ,
   208.1348     ,
   208.5778     ,
   209.0214     ,
   209.4657     ,
   209.9106     ,
   210.3562     ,
   210.8024     ,
   211.2492     ,
   211.6967     ,
   212.1449     ,
   212.5937     ,
   213.0431     ,
   213.4932     ,
   213.9440     ,
   214.3954     ,
   214.8474     ,
   215.3001     ,
   215.7535     ,
   216.2075     ,
   216.6622     ,
   217.1175     ,
   217.5735     ,
   218.0301     ,
   218.4874     ,
   218.9453     ,
   219.4039     ,
   219.8631     ,
   220.3230     ,
   220.7836     ,
   221.2448     ,
   221.7067     ,
   222.1692     ,
   222.6324     ,
   223.0963     ,
   223.5608     ,
   224.0260     ,
   224.4918     ,
   224.9583     ,
   225.4255     ,
   225.8933     ,
   226.3618     ,
   226.8309     ,
   227.3008     ,
   227.7712     ,
   228.2424     ,
   228.7142     ,
   229.1867     ,
   229.6598     ,
   230.1336     ,
   230.6081     ,
   231.0832     ,
   231.5590     ,
   232.0355     ,
   232.5126     ,
   232.9905     ,
   233.4689     ,
   233.9481     ,
   234.4279     ,
   234.9084     ,
   235.3896     ,
   235.8714     ,
   236.3539     ,
   236.8371     ,
   237.3210     ,
   237.8055     ,
   238.2907     ,
   238.7766     ,
   239.2631     ,
   239.7504     ,
   240.2383     ,
   240.7268     ,
   241.2161     ,
   241.7060     ,
   242.1967     ,
   242.6879     ,
   243.1799     ,
   243.6726     ,
   244.1659     ,
   244.6599     ,
   245.1546     ,
   245.6499     ,
   246.1460     ,
   246.6427     ,
   247.1402     ,
   247.6383     ,
   248.1370     ,
   248.6365     ,
   249.1366     ,
   249.6375     ,
   250.1390     ,
   250.6412     ,
   251.1441     ,
   251.6476     ,
   252.1519     ,
   252.6569     ,
   253.1625     ,
   253.6688     ,
   254.1758     ,
   254.6835     ,
   255.1919     ,
   255.7010     ,
   256.2108     ,
   256.7212     ,
   257.2324     ,
   257.7443     ,
   258.2568     ,
   258.7700     ,
   259.2839     ,
   259.7986     ,
   260.3138     ,
   260.8299     ,
   261.3466     ,
   261.8640     ,
   262.3820     ,
   262.9008     ,
   263.4203     ,
   263.9405     ,
   264.4614     ,
   264.9829     ,
   265.5052     ,
   266.0282     ,
   266.5518     ,
   267.0762     ,
   267.6013     ,
   268.1271     ,
   268.6535     ,
   269.1807     ,
   269.7086     ,
   270.2372     ,
   270.7665     ,
   271.2964     ,
   271.8271     ,
   272.3586     ,
   272.8906     ,
   273.4234     ,
   273.9569     ,
   274.4911     ,
   275.0261     ,
   275.5617     ,
   276.0981     ,
   276.6351     ,
   277.1729     ,
   277.7113     ,
   278.2505     ,
   278.7904     ,
   279.3310     ,
   279.8723     ,
   280.4143     ,
   280.9570     ,
   281.5004     ,
   282.0446     ,
   282.5895     ,
   283.1350     ,
   283.6813     ,
   284.2283     ,
   284.7760     ,
   285.3245     ,
   285.8736     ,
   286.4235     ,
   286.9741     ,
   287.5254     ,
   288.0774     ,
   288.6301     ,
   289.1836     ,
   289.7377     ,
   290.2926     ,
   290.8482     ,
   291.4046     ,
   291.9616     ,
   292.5194     ,
   293.0779     ,
   293.6371     ,
   294.1970     ,
   294.7577     ,
   295.3191     ,
   295.8812     ,
   296.4440     ,
   297.0076     ,
   297.5718     ,
   298.1369     ,
   298.7026     ,
   299.2690     ,
   299.8362     ,
   300.4041     ,
   300.9727     ,
   301.5421     ,
   302.1122     ,
   302.6830     ,
   303.2546     ,
   303.8269     ,
   304.3999     ,
   304.9737     ,
   305.5481     ,
   306.1234     ,
   306.6993     ,
   307.2760     ,
   307.8534     ,
   308.4315     ,
   309.0104     ,
   309.5900     ,
   310.1703     ,
   310.7514     ,
   311.3333     ,
   311.9158     ,
   312.4991     ,
   313.0831     ,
   313.6679     ,
   314.2534     ,
   314.8396     ,
   315.4266     ,
   316.0143     ,
   316.6028     ,
   317.1920     ,
   317.7819     ,
   318.3726     ,
   318.9640     ,
   319.5562     ,
   320.1491     ,
   320.7428     ,
   321.3372     ,
   321.9323     ,
   322.5282     ,
   323.1248     ,
   323.7222     ,
   324.3203     ,
   324.9192     ,
   325.5188     ,
   326.1191     ,
   326.7203     ,
   327.3221     ,
   327.9247     ,
   328.5281     ,
   329.1322     ,
   329.7370     ,
   330.3426     ,
   330.9490     ,
   331.5561     ,
   332.1639     ,
   332.7726     ,
   333.3819     ,
   333.9920     ,
   334.6029     ,
   335.2145     ,
   335.8269     ,
   336.4400     ,
   337.0539     ,
   337.6685     ,
   338.2840     ,
   338.9001     ,
   339.5170     ,
   340.1347     ,
   340.7531     ,
   341.3723     ,
   341.9922     ,
   342.6129     ,
   343.2344     ,
   343.8566     ,
   344.4796     ,
   345.1034     ,
   345.7279     ,
   346.3531     ,
   346.9792     ,
   347.6060     ,
   348.2335     ,
   348.8618     ,
   349.4909     ,
   350.1208     ,
   350.7514     ,
   351.3828     ,
   352.0149     ,
   352.6478     ,
   353.2815     ,
   353.9160     ,
   354.5512     ,
   355.1872     ,
   355.8239     ,
   356.4615     ,
   357.0997     ,
   357.7388     ,
   358.3787     ,
   359.0193     ,
   359.6606     ,
   360.3028     ,
   360.9457     ,
   361.5894     ,
   362.2339     ,
   362.8791     ,
   363.5251     ,
   364.1719     ,
   364.8195     ,
   365.4678     ,
   366.1169     ,
   366.7668     ,
   367.4175     ,
   368.0689     ,
   368.7212     ,
   369.3741     ,
   370.0280     ,
   370.6825     ,
   371.3379     ,
   371.9940     ,
   372.6508     ,
   373.3086     ,
   373.9670     ,
   374.6263     ,
   375.2863     ,
   375.9471     ,
   376.6087     ,
   377.2711     ,
   377.9342     ,
   378.5982     ,
   379.2629     ,
   379.9284     ,
   380.5947     ,
   381.2618     ,
   381.9297     ,
   382.5984     ,
   383.2678     ,
   383.9381     ,
   384.6091     ,
   385.2809     ,
   385.9535     ,
   386.6269     ,
   387.3011     ,
   387.9761     ,
   388.6519     ,
   389.3284     ,
   390.0058     ,
   390.6839     ,
   391.3629     ,
   392.0426     ,
   392.7231     ,
   393.4044     ,
   394.0865     ,
   394.7695     ,
   395.4532     ,
   396.1377     ,
   396.8230     ,
   397.5091     ,
   398.1960     ,
   398.8837     ,
   399.5722     ,
   400.2614     ,
   400.9515     ,
   401.6425     ,
   402.3341     ,
   403.0266     ,
   403.7199     ,
   404.4140     ,
   405.1089     ,
   405.8046     ,
   406.5011     ,
   407.1984     ,
   407.8965     ,
   408.5954     ,
   409.2952     ,
   409.9957     ,
   410.6970     ,
   411.3992     ,
   412.1021     ,
   412.8058     ,
   413.5104     ,
   414.2158     ,
   414.9219     ,
   415.6289     ,
   416.3367     ,
   417.0453     ,
   417.7547     ,
   418.4650     ,
   419.1760     ,
   419.8879     ,
   420.6005     ,
   421.3140     ,
   422.0283     ,
   422.7434     ,
   423.4593     ,
   424.1760     ,
   424.8936     ,
   425.6119     ,
   426.3311     ,
   427.0511     ,
   427.7719     ,
   428.4935     ,
   429.2159     ,
   429.9392     ,
   430.6633     ,
   431.3882     ,
   432.1139     ,
   432.8404     ,
   433.5678     ,
   434.2960     ,
   435.0249     ,
   435.7548     ,
   436.4854     ,
   437.2169     ,
   437.9492     ,
   438.6823     ,
   439.4162     ,
   440.1510     ,
   440.8866     ,
   441.6230     ,
   442.3602     ,
   443.0982     ,
   443.8371     ,
   444.5769     ,
   445.3174     ,
   446.0587     ,
   446.8009     ,
   447.5440     ,
   448.2878     ,
   449.0325     ,
   449.7780     ,
   450.5244     ,
   451.2716     ,
   452.0196     ,
   452.7684     ,
   453.5181     ,
   454.2686     ,
   455.0199     ,
   455.7721     ,
   456.5251     ,
   457.2789     ,
   458.0336     ,
   458.7891     ,
   459.5455     ,
   460.3026     ,
   461.0607     ,
   461.8195     ,
   462.5792     ,
   463.3398     ,
   464.1011     ,
   464.8634     ,
   465.6264     ,
   466.3903     ,
   467.1550     ,
   467.9206     ,
   468.6870     ,
   469.4543     ,
   470.2224     ,
   470.9913     ,
   471.7611     ,
   472.5317     ,
   473.3032     ,
   474.0755     ,
   474.8487     ,
   475.6227     ,
   476.3976     ,
   477.1732     ,
   477.9498     ,
   478.7272     ,
   479.5054     ,
   480.2845     ,
   481.0645     ,
   481.8452     ,
   482.6269     ,
   483.4094     ,
   484.1927     ,
   484.9769     ,
   485.7619     ,
   486.5478     ,
   487.3346     ,
   488.1222     ,
   488.9106     ,
   489.6999     ,
   490.4901     ,
   491.2811     ,
   492.0730     ,
   492.8657     ,
   493.6593     ,
   494.4537     ,
   495.2490     ,
   496.0451     ,
   496.8421     ,
   497.6400     ,
   498.4388     ,
   499.2383     ,
   500.0388     ,
   500.8401     ,
   501.6422     ,
   502.4453     ,
   503.2491     ,
   504.0539     ,
   504.8595     ,
   505.6660     ,
   506.4733     ,
   507.2815     ,
   508.0905     ,
   508.9005     ,
   509.7113     ,
   510.5229     ,
   511.3354     ,
   512.1489     ,
   512.9631     ,
   513.7782     ,
   514.5942     ,
   515.4111     ,
   516.2288     ,
   517.0474     ,
   517.8668     ,
   518.6872     ,
   519.5084     ,
   520.3305     ,
   521.1534     ,
   521.9772     ,
   522.8019     ,
   523.6274     ,
   524.4539     ,
   525.2812     ,
   526.1094     ,
   526.9385     ,
   527.7684     ,
   528.5992     ,
   529.4309     ,
   530.2635     ,
   531.0969     ,
   531.9312     ,
   532.7664     ,
   533.6025     ,
   534.4395     ,
   535.2772     ,
   536.1160     ,
   536.9555     ,
   537.7960     ,
   538.6373     ,
   539.4796     ,
   540.3226     ,
   541.1667     ,
   542.0115     ,
   542.8573     ,
   543.7040     ,
   544.5515     ,
   545.3999     ,
   546.2491     ,
   547.0994     ,
   547.9504     ,
   548.8024     ,
   549.6552     ,
   550.5089     ,
   551.3635     ,
   552.2191     ,
   553.0754     ,
   553.9327     ,
   554.7908     ,
   555.6500     ,
   556.5098     ,
   557.3707     ,
   558.2324     ,
   559.0950     ,
   559.9586     ,
   560.8229     ,
   561.6882     ,
   562.5544     ,
   563.4216     ,
   564.2895     ,
   565.1584     ,
   566.0281     ,
   566.8988     ,
   567.7704     ,
   568.6428     ,
   569.5162     ,
   570.3904     ,
   571.2656     ,
   572.1416     ,
   573.0186     ,
   573.8964     ,
   574.7751     ,
   575.6547     ,
   576.5353     ,
   577.4167     ,
   578.2991     ,
