  0.0000000E+00 ,
  0.0000000E+00 ,
  0.0000000E+00 ,
  0.0000000E+00 ,
  0.0000000E+00 ,
  0.0000000E+00 ,
  0.0000000E+00 ,
  0.0000000E+00 ,
  0.0000000E+00 ,
  0.0000000E+00 ,
  0.0000000E+00 ,
  0.0000000E+00 ,
  0.0000000E+00 ,
  0.0000000E+00 ,
  0.0000000E+00 ,
  0.0000000E+00 ,
  0.0000000E+00 ,
  0.0000000E+00 ,
  0.0000000E+00 ,
  0.0000000E+00 ,
  0.0000000E+00 ,
  0.0000000E+00 ,
  0.0000000E+00 ,
  0.0000000E+00 ,
  0.0000000E+00 ,
  0.0000000E+00 ,
  0.0000000E+00 ,
  0.0000000E+00 ,
  0.0000000E+00 ,
  0.0000000E+00 ,
  0.0000000E+00 ,
  0.0000000E+00 ,
  0.0000000E+00 ,
  0.0000000E+00 ,
  0.0000000E+00 ,
  0.0000000E+00 ,
  0.0000000E+00 ,
  0.0000000E+00 ,
  0.0000000E+00 ,
  0.0000000E+00 ,
  0.0000000E+00 ,
  0.0000000E+00 ,
  0.0000000E+00 ,
  0.0000000E+00 ,
  0.0000000E+00 ,
  0.0000000E+00 ,
  0.0000000E+00 ,
  0.0000000E+00 ,
  0.0000000E+00 ,
  0.0000000E+00 ,
  0.0000000E+00 ,
  0.0000000E+00 ,
  0.0000000E+00 ,
  0.0000000E+00 ,
  0.0000000E+00 ,
  0.0000000E+00 ,
  0.0000000E+00 ,
  0.0000000E+00 ,
  0.0000000E+00 ,
  0.0000000E+00 ,
  0.0000000E+00 ,
  0.0000000E+00 ,
  0.0000000E+00 ,
  0.0000000E+00 ,
  0.0000000E+00 ,
  0.0000000E+00 ,
  0.0000000E+00 ,
  0.0000000E+00 ,
  0.0000000E+00 ,
  0.0000000E+00 ,
  0.0000000E+00 ,
  0.0000000E+00 ,
  0.0000000E+00 ,
  0.0000000E+00 ,
  0.0000000E+00 ,
  0.0000000E+00 ,
  0.0000000E+00 ,
  0.0000000E+00 ,
  0.0000000E+00 ,
  0.0000000E+00 ,
  0.0000000E+00 ,
  0.0000000E+00 ,
  0.0000000E+00 ,
  0.0000000E+00 ,
  0.0000000E+00 ,
  0.0000000E+00 ,
  0.0000000E+00 ,
  0.0000000E+00 ,
  0.0000000E+00 ,
  0.0000000E+00 ,
  0.0000000E+00 ,
  0.0000000E+00 ,
  0.0000000E+00 ,
  0.0000000E+00 ,
  0.0000000E+00 ,
  0.0000000E+00 ,
  0.0000000E+00 ,
  0.0000000E+00 ,
  0.0000000E+00 ,
  0.0000000E+00 ,
  0.0000000E+00 ,
  0.0000000E+00 ,
  0.0000000E+00 ,
  0.0000000E+00 ,
  0.0000000E+00 ,
  0.0000000E+00 ,
  0.0000000E+00 ,
  0.0000000E+00 ,
  0.0000000E+00 ,
  0.0000000E+00 ,
  0.0000000E+00 ,
  0.0000000E+00 ,
  0.0000000E+00 ,
  0.0000000E+00 ,
  0.0000000E+00 ,
  0.0000000E+00 ,
  0.0000000E+00 ,
  0.0000000E+00 ,
  0.0000000E+00 ,
  0.0000000E+00 ,
  0.0000000E+00 ,
  0.0000000E+00 ,
  0.0000000E+00 ,
  0.0000000E+00 ,
  0.0000000E+00 ,
  0.0000000E+00 ,
  0.0000000E+00 ,
  0.0000000E+00 ,
  0.0000000E+00 ,
  0.0000000E+00 ,
  0.0000000E+00 ,
  0.0000000E+00 ,
  0.0000000E+00 ,
  0.0000000E+00 ,
  0.0000000E+00 ,
  0.0000000E+00 ,
  0.0000000E+00 ,
  0.0000000E+00 ,
  0.0000000E+00 ,
  0.0000000E+00 ,
  0.0000000E+00 ,
  0.0000000E+00 ,
  0.0000000E+00 ,
  0.0000000E+00 ,
  0.0000000E+00 ,
  0.0000000E+00 ,
  0.0000000E+00 ,
  0.0000000E+00 ,
  0.0000000E+00 ,
  0.0000000E+00 ,
  0.0000000E+00 ,
  0.0000000E+00 ,
  0.0000000E+00 ,
  0.0000000E+00 ,
  0.0000000E+00 ,
  0.0000000E+00 ,
  0.0000000E+00 ,
  0.0000000E+00 ,
  0.0000000E+00 ,
  0.0000000E+00 ,
  0.0000000E+00 ,
  0.0000000E+00 ,
  0.0000000E+00 ,
  0.0000000E+00 ,
  0.0000000E+00 ,
  0.0000000E+00 ,
  0.0000000E+00 ,
  0.0000000E+00 ,
  0.0000000E+00 ,
  0.0000000E+00 ,
  0.0000000E+00 ,
  0.0000000E+00 ,
  0.0000000E+00 ,
  0.0000000E+00 ,
  0.0000000E+00 ,
  0.0000000E+00 ,
  0.0000000E+00 ,
  0.0000000E+00 ,
  0.0000000E+00 ,
  0.0000000E+00 ,
  0.0000000E+00 ,
  0.0000000E+00 ,
  0.0000000E+00 ,
  0.0000000E+00 ,
  0.0000000E+00 ,
  0.0000000E+00 ,
  0.0000000E+00 ,
  0.0000000E+00 ,
  0.0000000E+00 ,
  0.0000000E+00 ,
  0.0000000E+00 ,
  0.0000000E+00 ,
  0.0000000E+00 ,
  0.0000000E+00 ,
  0.0000000E+00 ,
  0.0000000E+00 ,
  0.0000000E+00 ,
  0.0000000E+00 ,
  0.0000000E+00 ,
  0.0000000E+00 ,
  0.0000000E+00 ,
  0.0000000E+00 ,
  0.0000000E+00 ,
  0.0000000E+00 ,
  0.0000000E+00 ,
  0.0000000E+00 ,
  0.0000000E+00 ,
  0.0000000E+00 ,
  0.0000000E+00 ,
  0.0000000E+00 ,
  0.0000000E+00 ,
  0.0000000E+00 ,
  0.0000000E+00 ,
  0.0000000E+00 ,
  0.0000000E+00 ,
  0.0000000E+00 ,
  0.0000000E+00 ,
  0.0000000E+00 ,
  0.0000000E+00 ,
  0.0000000E+00 ,
  0.0000000E+00 ,
  0.0000000E+00 ,
  0.0000000E+00 ,
  0.0000000E+00 ,
  0.0000000E+00 ,
  0.0000000E+00 ,
  0.0000000E+00 ,
  0.0000000E+00 ,
  0.0000000E+00 ,
  0.0000000E+00 ,
  0.0000000E+00 ,
  0.0000000E+00 ,
  0.0000000E+00 ,
  0.0000000E+00 ,
  0.0000000E+00 ,
  0.0000000E+00 ,
  0.0000000E+00 ,
  0.0000000E+00 ,
  0.0000000E+00 ,
  0.0000000E+00 ,
  0.0000000E+00 ,
  0.0000000E+00 ,
  0.0000000E+00 ,
  0.0000000E+00 ,
  0.0000000E+00 ,
  0.0000000E+00 ,
  0.0000000E+00 ,
  0.0000000E+00 ,
  0.0000000E+00 ,
  0.0000000E+00 ,
  0.0000000E+00 ,
  0.0000000E+00 ,
  0.0000000E+00 ,
  0.0000000E+00 ,
  0.0000000E+00 ,
  0.0000000E+00 ,
  0.0000000E+00 ,
  0.0000000E+00 ,
  0.0000000E+00 ,
  0.0000000E+00 ,
  6.1638290E-03 ,
  1.0506674E-02 ,
  1.5956990E-02 ,
  2.2411322E-02 ,
  2.9766221E-02 ,
  3.7918232E-02 ,
  4.6763904E-02 ,
  5.6199785E-02 ,
  6.6122420E-02 ,
  7.6428361E-02 ,
  8.7014146E-02 ,
  9.7776331E-02 ,
  0.1086115     ,
  0.1194161     ,
  0.1300868     ,
  0.1405200     ,
  0.1506124     ,
  0.1602605     ,
  0.1693608     ,
  0.1778099     ,
  0.1855043     ,
  0.1923813     ,
  0.1985014     ,
  0.2039482     ,
  0.2088054     ,
  0.2131568     ,
  0.2170859     ,
  0.2206766     ,
  0.2240126     ,
  0.2271774     ,
  0.2302548     ,
  0.2333285     ,
  0.2364823     ,
  0.2397997     ,
  0.2433645     ,
  0.2472604     ,
  0.2515711     ,
  0.2563803     ,
  0.2617717     ,
  0.2678289     ,
  0.2746357     ,
  0.2822494     ,
  0.2906493     ,
  0.2998001     ,
  0.3096665     ,
  0.3202135     ,
  0.3314056     ,
  0.3432078     ,
  0.3555848     ,
  0.3685013     ,
  0.3819221     ,
  0.3958120     ,
  0.4101358     ,
  0.4248583     ,
  0.4399441     ,
  0.4553581     ,
  0.4710651     ,
  0.4870298     ,
  0.5032170     ,
  0.5195915     ,
  0.5361179     ,
  0.5527613     ,
  0.5694862     ,
  0.5862575     ,
  0.6030398     ,
  0.6197981     ,
  0.6364970     ,
  0.6531014     ,
  0.6695760     ,
  0.6858857     ,
  0.7019950     ,
  0.7178689     ,
  0.7334721     ,
  0.7487694     ,
  0.7637255     ,
  0.7783052     ,
  0.7924733     ,
  0.8061946     ,
  0.8194338     ,
  0.8321558     ,
  0.8443252     ,
  0.8559068     ,
  0.8668655     ,
  0.8771660     ,
  0.8867730     ,
  0.8956513     ,
  0.9037659     ,
  0.9110812     ,
  0.9175622     ,
  0.9231737     ,
  0.9278803     ,
  0.9316608     ,
  0.9345331     ,
  0.9365221     ,
  0.9376525     ,
  0.9379494     ,
  0.9374372     ,
  0.9361411     ,
  0.9340858     ,
  0.9312962     ,
  0.9277970     ,
  0.9236130     ,
  0.9187694     ,
  0.9132906     ,
  0.9072016     ,
  0.9005273     ,
  0.8932925     ,
  0.8855220     ,
  0.8772406     ,
  0.8684732     ,
  0.8592446     ,
  0.8495798     ,
  0.8395033     ,
  0.8290401     ,
  0.8182152     ,
  0.8070531     ,
  0.7955790     ,
  0.7838174     ,
  0.7717934     ,
  0.7595316     ,
  0.7470570     ,
  0.7343945     ,
  0.7215686     ,
  0.7086045     ,
  0.6955268     ,
  0.6823605     ,
  0.6691303     ,
  0.6558611     ,
  0.6425777     ,
  0.6293049     ,
  0.6160677     ,
  0.6028908     ,
  0.5897990     ,
  0.5768172     ,
  0.5639703     ,
  0.5512829     ,
  0.5387800     ,
  0.5264866     ,
  0.5144272     ,
  0.5026268     ,
  0.4911103     ,
  0.4798950     ,
  0.4689786     ,
  0.4583555     ,
  0.4480200     ,
  0.4379664     ,
  0.4281891     ,
  0.4186823     ,
  0.4094405     ,
  0.4004580     ,
  0.3917291     ,
  0.3832481     ,
  0.3750094     ,
  0.3670073     ,
  0.3592362     ,
  0.3516903     ,
  0.3443640     ,
  0.3372517     ,
  0.3303477     ,
  0.3236463     ,
  0.3171419     ,
  0.3108287     ,
  0.3047012     ,
  0.2987536     ,
  0.2929803     ,
  0.2873757     ,
  0.2819340     ,
  0.2766496     ,
  0.2715169     ,
  0.2665302     ,
  0.2616837     ,
  0.2569719     ,
  0.2523890     ,
  0.2479295     ,
  0.2435876     ,
  0.2393577     ,
  0.2352341     ,
  0.2312112     ,
  0.2272832     ,
  0.2234446     ,
  0.2196897     ,
  0.2160127     ,
  0.2124081     ,
  0.2088701     ,
  0.2053931     ,
  0.2019714     ,
  0.1985995     ,
  0.1952715     ,
  0.1919819     ,
  0.1887249     ,
  0.1854949     ,
  0.1822879     ,
  0.1791035     ,
  0.1759421     ,
  0.1728043     ,
  0.1696904     ,
  0.1666009     ,
  0.1635360     ,
  0.1604963     ,
  0.1574822     ,
  0.1544941     ,
  0.1515324     ,
  0.1485975     ,
  0.1456898     ,
  0.1428098     ,
  0.1399578     ,
  0.1371343     ,
  0.1343397     ,
  0.1315744     ,
  0.1288388     ,
  0.1261334     ,
  0.1234584     ,
  0.1208145     ,
  0.1182019     ,
  0.1156211     ,
  0.1130725     ,
  0.1105565     ,
  0.1080736     ,
  0.1056241     ,
  0.1032085     ,
  0.1008271     ,
  9.8480448E-02 ,
  9.6168883E-02 ,
  9.3892843E-02 ,
  9.1652729E-02 ,
  8.9448959E-02 ,
  8.7281957E-02 ,
  8.5152127E-02 ,
  8.3059892E-02 ,
  8.1005663E-02 ,
  7.8989848E-02 ,
  7.7012867E-02 ,
  7.5075142E-02 ,
  7.3177077E-02 ,
  7.1319088E-02 ,
  6.9501594E-02 ,
  6.7725003E-02 ,
  6.5989733E-02 ,
  6.4296201E-02 ,
  6.2644817E-02 ,
  6.1036002E-02 ,
  5.9469853E-02 ,
  5.7945739E-02 ,
  5.6462914E-02 ,
  5.5020623E-02 ,
  5.3618122E-02 ,
  5.2254651E-02 ,
  5.0929468E-02 ,
  4.9641829E-02 ,
  4.8390973E-02 ,
  4.7176152E-02 ,
  4.5996621E-02 ,
  4.4851635E-02 ,
  4.3740429E-02 ,
  4.2662263E-02 ,
  4.1616391E-02 ,
  4.0602058E-02 ,
  3.9618518E-02 ,
  3.8665015E-02 ,
  3.7740804E-02 ,
  3.6845133E-02 ,
  3.5977256E-02 ,
  3.5136420E-02 ,
  3.4321878E-02 ,
  3.3532877E-02 ,
  3.2768667E-02 ,
  3.2028507E-02 ,
  3.1311635E-02 ,
  3.0617313E-02 ,
  2.9944781E-02 ,
  2.9293297E-02 ,
  2.8662106E-02 ,
  2.8050462E-02 ,
  2.7457612E-02 ,
  2.6882811E-02 ,
  2.6325304E-02 ,
  2.5784345E-02 ,
  2.5259184E-02 ,
  2.4749070E-02 ,
  2.4253255E-02 ,
  2.3770988E-02 ,
  2.3301519E-02 ,
  2.2844102E-02 ,
  2.2397982E-02 ,
  2.1962412E-02 ,
  2.1536643E-02 ,
  2.1119926E-02 ,
  2.0711508E-02 ,
  2.0310640E-02 ,
  1.9916577E-02 ,
  1.9528564E-02 ,
  1.9146053E-02 ,
  1.8768944E-02 ,
  1.8397208E-02 ,
  1.8030813E-02 ,
  1.7669728E-02 ,
  1.7313927E-02 ,
  1.6963374E-02 ,
  1.6618038E-02 ,
  1.6277893E-02 ,
  1.5942903E-02 ,
  1.5613043E-02 ,
  1.5288277E-02 ,
  1.4968576E-02 ,
  1.4653909E-02 ,
  1.4344247E-02 ,
  1.4039557E-02 ,
  1.3739810E-02 ,
  1.3444975E-02 ,
  1.3155020E-02 ,
  1.2869915E-02 ,
  1.2589630E-02 ,
  1.2314132E-02 ,
  1.2043393E-02 ,
  1.1777381E-02 ,
  1.1516066E-02 ,
  1.1259416E-02 ,
  1.1007400E-02 ,
  1.0759990E-02 ,
  1.0517152E-02 ,
  1.0278857E-02 ,
  1.0045074E-02 ,
  9.8157721E-03 ,
  9.5909210E-03 ,
  9.3704881E-03 ,
  9.1544464E-03 ,
  8.9427615E-03 ,
  8.7354034E-03 ,
  8.5323425E-03 ,
  8.3335480E-03 ,
  8.1389891E-03 ,
  7.9486342E-03 ,
  7.7624526E-03 ,
  7.5804144E-03 ,
  7.4024890E-03 ,
  7.2286446E-03 ,
  7.0588510E-03 ,
  6.8930769E-03 ,
  6.7312927E-03 ,
  6.5734666E-03 ,
  6.4195688E-03 ,
  6.2695574E-03 ,
  6.1233700E-03 ,
  5.9809396E-03 ,
  5.8421995E-03 ,
  5.7070842E-03 ,
  5.5755265E-03 ,
  5.4474603E-03 ,
  5.3228191E-03 ,
  5.2015367E-03 ,
  5.0835465E-03 ,
  4.9687820E-03 ,
  4.8571769E-03 ,
  4.7486648E-03 ,
  4.6431790E-03 ,
  4.5406539E-03 ,
  4.4410224E-03 ,
  4.3442184E-03 ,
  4.2501753E-03 ,
  4.1588265E-03 ,
  4.0701055E-03 ,
  3.9839465E-03 ,
  3.9002830E-03 ,
  3.8190484E-03 ,
  3.7401761E-03 ,
  3.6635997E-03 ,
  3.5892532E-03 ,
  3.5170699E-03 ,
  3.4469834E-03 ,
  3.3789272E-03 ,
  3.3128352E-03 ,
  3.2486406E-03 ,
  3.1862771E-03 ,
  3.1256785E-03 ,
  3.0667782E-03 ,
  3.0095100E-03 ,
  2.9538071E-03 ,
  2.8996035E-03 ,
  2.8468326E-03 ,
  2.7954278E-03 ,
  2.7453231E-03 ,
  2.6964517E-03 ,
  2.6487475E-03 ,
  2.6021439E-03 ,
  2.5565745E-03 ,
  2.5119730E-03 ,
  2.4682728E-03 ,
  2.4254078E-03 ,
  2.3833110E-03 ,
  2.3419168E-03 ,
  2.3011582E-03 ,
  2.2609874E-03 ,
  2.2213939E-03 ,
  2.1823733E-03 ,
  2.1439197E-03 ,
  2.1060288E-03 ,
  2.0686954E-03 ,
  2.0319137E-03 ,
  1.9956797E-03 ,
  1.9599875E-03 ,
  1.9248326E-03 ,
  1.8902094E-03 ,
  1.8561133E-03 ,
  1.8225390E-03 ,
  1.7894815E-03 ,
  1.7569358E-03 ,
  1.7248968E-03 ,
  1.6933593E-03 ,
  1.6623185E-03 ,
  1.6317690E-03 ,
  1.6017060E-03 ,
  1.5721242E-03 ,
  1.5430189E-03 ,
  1.5143846E-03 ,
  1.4862166E-03 ,
  1.4585096E-03 ,
  1.4312586E-03 ,
  1.4044585E-03 ,
  1.3781044E-03 ,
  1.3521911E-03 ,
  1.3267136E-03 ,
  1.3016666E-03 ,
  1.2770453E-03 ,
  1.2528447E-03 ,
  1.2290595E-03 ,
  1.2056847E-03 ,
  1.1827153E-03 ,
  1.1601461E-03 ,
  1.1379722E-03 ,
  1.1161885E-03 ,
  1.0947898E-03 ,
  1.0737713E-03 ,
  1.0531277E-03 ,
  1.0328538E-03 ,
  1.0129450E-03 ,
  9.9339592E-04 ,
  9.7420148E-04 ,
  9.5535663E-04 ,
  9.3685649E-04 ,
  9.1869576E-04 ,
  9.0086955E-04 ,
  8.8337285E-04 ,
  8.6620136E-04 ,
  8.4935041E-04 ,
  8.3281571E-04 ,
  8.1659277E-04 ,
  8.0067717E-04 ,
  7.8506453E-04 ,
  7.6975033E-04 ,
  7.5473014E-04 ,
  7.3999958E-04 ,
  7.2555419E-04 ,
  7.1138947E-04 ,
  6.9750106E-04 ,
  6.8388449E-04 ,
  6.7053532E-04 ,
  6.5744919E-04 ,
  6.4462156E-04 ,
  6.3204800E-04 ,
  6.1972410E-04 ,
  6.0764549E-04 ,
  5.9580762E-04 ,
  5.8420614E-04 ,
  5.7283655E-04 ,
  5.6169444E-04 ,
  5.5077538E-04 ,
  5.4007495E-04 ,
  5.2958867E-04 ,
  5.1931216E-04 ,
  5.0924084E-04 ,
  4.9937051E-04 ,
  4.8969651E-04 ,
  4.8021457E-04 ,
  4.7092012E-04 ,
  4.6180881E-04 ,
  4.5287618E-04 ,
  4.4411779E-04 ,
  4.3552919E-04 ,
  4.2710596E-04 ,
  4.1884364E-04 ,
  4.1073785E-04 ,
  4.0278409E-04 ,
  3.9497795E-04 ,
  3.8731500E-04 ,
  3.7979078E-04 ,
  3.7240089E-04 ,
  3.6514088E-04 ,
  3.5800628E-04 ,
  3.5099269E-04 ,
  3.4409564E-04 ,
  3.3731072E-04 ,
  3.3063459E-04 ,
  3.2406583E-04 ,
  3.1760338E-04 ,
  3.1124611E-04 ,
  3.0499292E-04 ,
  2.9884267E-04 ,
  2.9279428E-04 ,
  2.8684663E-04 ,
  2.8099859E-04 ,
  2.7524904E-04 ,
  2.6959690E-04 ,
  2.6404107E-04 ,
  2.5858040E-04 ,
  2.5321377E-04 ,
  2.4794013E-04 ,
  2.4275832E-04 ,
  2.3766721E-04 ,
  2.3266573E-04 ,
  2.2775274E-04 ,
  2.2292715E-04 ,
  2.1818782E-04 ,
  2.1353367E-04 ,
  2.0896355E-04 ,
  2.0447640E-04 ,
  2.0007107E-04 ,
  1.9574646E-04 ,
  1.9150143E-04 ,
  1.8733491E-04 ,
  1.8324578E-04 ,
  1.7923290E-04 ,
  1.7529516E-04 ,
  1.7143151E-04 ,
  1.6764077E-04 ,
  1.6392184E-04 ,
  1.6027362E-04 ,
  1.5669499E-04 ,
  1.5318485E-04 ,
  1.4974209E-04 ,
  1.4636559E-04 ,
  1.4305422E-04 ,
  1.3980690E-04 ,
  1.3662250E-04 ,
  1.3349991E-04 ,
  1.3043801E-04 ,
  1.2743571E-04 ,
  1.2449188E-04 ,
  1.2160539E-04 ,
  1.1877518E-04 ,
  1.1600010E-04 ,
  1.1327904E-04 ,
  1.1061109E-04 ,
  1.0799566E-04 ,
  1.0543217E-04 ,
  1.0292010E-04 ,
  1.0045890E-04 ,
  9.8047996E-05 ,
  9.5686861E-05 ,
  9.3374925E-05 ,
  9.1111651E-05 ,
  8.8896486E-05 ,
  8.6728869E-05 ,
  8.4608262E-05 ,
  8.2534105E-05 ,
  8.0505859E-05 ,
  7.8522957E-05 ,
  7.6584860E-05 ,
  7.4691015E-05 ,
  7.2840870E-05 ,
  7.1033872E-05 ,
  6.9269474E-05 ,
  6.7547124E-05 ,
  6.5866268E-05 ,
  6.4226362E-05 ,
  6.2626845E-05 ,
  6.1067178E-05 ,
  5.9546805E-05 ,
  5.8065169E-05 ,
  5.6621728E-05 ,
  5.5215929E-05 ,
  5.3847216E-05 ,
  5.2515050E-05 ,
  5.1218867E-05 ,
  4.9958122E-05 ,
  4.8732265E-05 ,
  4.7540743E-05 ,
  4.6383007E-05 ,
  4.5258505E-05 ,
  4.4166689E-05 ,
  4.3107008E-05 ,
  4.2078907E-05 ,
  4.1081836E-05 ,
  4.0115247E-05 ,
  3.9178587E-05 ,
  3.8271308E-05 ,
  3.7392852E-05 ,
  3.6542675E-05 ,
  3.5720230E-05 ,
  3.4924957E-05 ,
  3.4156306E-05 ,
  3.3413733E-05 ,
  3.2696687E-05 ,
  3.2004606E-05 ,
  3.1336953E-05 ,
  3.0693169E-05 ,
  3.0072702E-05 ,
  2.9475008E-05 ,
  2.8899531E-05 ,
  2.8345723E-05 ,
  2.7813030E-05 ,
  2.7300905E-05 ,
  2.6808793E-05 ,
  2.6336147E-05 ,
  2.5882415E-05 ,
  2.5447045E-05 ,
  2.5029487E-05 ,
  2.4629193E-05 ,
  2.4245606E-05 ,
  2.3878181E-05 ,
  2.3526365E-05 ,
  2.3189605E-05 ,
  2.2867354E-05 ,
  2.2559059E-05 ,
  2.2264170E-05 ,
  2.1982136E-05 ,
  2.1712405E-05 ,
  2.1454429E-05 ,
  2.1207654E-05 ,
  2.0971531E-05 ,
  2.0745509E-05 ,
  2.0529038E-05 ,
  2.0321564E-05 ,
  2.0122539E-05 ,
  1.9931413E-05 ,
  1.9747635E-05 ,
  1.9570651E-05 ,
  1.9399913E-05 ,
  1.9234867E-05 ,
  1.9074967E-05 ,
  1.8919660E-05 ,
  1.8768395E-05 ,
  1.8620620E-05 ,
  1.8475786E-05 ,
  1.8333341E-05 ,
  1.8192735E-05 ,
  1.8053419E-05 ,
  1.7914837E-05 ,
  1.7776445E-05 ,
  1.7637687E-05 ,
  1.7498012E-05 ,
  1.7356875E-05 ,
  1.7213935E-05 ,
  1.7069207E-05 ,
  1.6922733E-05 ,
  1.6774567E-05 ,
  1.6624756E-05 ,
  1.6473341E-05 ,
  1.6320379E-05 ,
  1.6165910E-05 ,
  1.6009984E-05 ,
  1.5852651E-05 ,
  1.5693957E-05 ,
  1.5533948E-05 ,
  1.5372672E-05 ,
  1.5210178E-05 ,
  1.5046515E-05 ,
  1.4881727E-05 ,
  1.4715863E-05 ,
  1.4548972E-05 ,
  1.4381100E-05 ,
  1.4212295E-05 ,
  1.4042605E-05 ,
  1.3872077E-05 ,
  1.3700759E-05 ,
  1.3528698E-05 ,
  1.3355943E-05 ,
  1.3182540E-05 ,
  1.3008538E-05 ,
  1.2833983E-05 ,
  1.2658924E-05 ,
  1.2483408E-05 ,
  1.2307482E-05 ,
  1.2131196E-05 ,
  1.1954595E-05 ,
  1.1777726E-05 ,
  1.1600639E-05 ,
  1.1423383E-05 ,
  1.1245999E-05 ,
  1.1068542E-05 ,
  1.0891056E-05 ,
  1.0713588E-05 ,
  1.0536188E-05 ,
  1.0358901E-05 ,
  1.0181777E-05 ,
  1.0004862E-05 ,
  9.8282044E-06 ,
  9.6518506E-06 ,
  9.4758507E-06 ,
  9.3002482E-06 ,
  9.1250949E-06 ,
  8.9504365E-06 ,
  8.7763210E-06 ,
  8.6027949E-06 ,
  8.4299072E-06 ,
  8.2577044E-06 ,
  8.0862355E-06 ,
  7.9155470E-06 ,
  7.7456871E-06 ,
  7.5767020E-06 ,
  7.4086411E-06 ,
  7.2415514E-06 ,
  7.0754804E-06 ,
  6.9104753E-06 ,
  6.7465839E-06 ,
  6.5838544E-06 ,
  6.4223336E-06 ,
  6.2620697E-06 ,
  6.1031101E-06 ,
  5.9455024E-06 ,
  5.7892939E-06 ,
  5.6345325E-06 ,
  5.4812658E-06 ,
  5.3295412E-06 ,
  5.1794068E-06 ,
  5.0309100E-06 ,
  4.8840975E-06 ,
  4.7390186E-06 ,
  4.5957195E-06 ,
  4.4542480E-06 ,
  4.3146524E-06 ,
  4.1769790E-06 ,
  4.0412770E-06 ,
  3.9075935E-06 ,
  3.7759751E-06 ,
  3.6464708E-06 ,
  3.5191272E-06 ,
  3.3939925E-06 ,
  3.2711139E-06 ,
  3.1505390E-06 ,
  3.0323158E-06 ,
  2.9164914E-06 ,
  2.8031138E-06 ,
  2.6922305E-06 ,
  2.5838888E-06 ,
  2.4781368E-06 ,
  2.3750217E-06 ,
  2.2745915E-06 ,
  2.1768931E-06 ,
  2.0819748E-06 ,
  1.9898841E-06 ,
  1.9006676E-06 ,
  1.8143417E-06 ,
  1.7308734E-06 ,
  1.6502261E-06 ,
  1.5723629E-06 ,
  1.4972472E-06 ,
  1.4248420E-06 ,
  1.3551108E-06 ,
  1.2880166E-06 ,
  1.2235226E-06 ,
  1.1615922E-06 ,
  1.1021883E-06 ,
  1.0452745E-06 ,
  9.9081387E-07 ,
  9.3876963E-07 ,
  8.8910491E-07 ,
  8.4178305E-07 ,
  7.9676721E-07 ,
  7.5402062E-07 ,
  7.1350649E-07 ,
  6.7518806E-07 ,
  6.3902854E-07 ,
  6.0499116E-07 ,
  5.7303919E-07 ,
  5.4313574E-07 ,
  5.1524410E-07 ,
  4.8932748E-07 ,
  4.6534907E-07 ,
  4.4327211E-07 ,
  4.2305987E-07 ,
  4.0467549E-07 ,
  3.8808224E-07 ,
  3.7324330E-07 ,
  3.6012193E-07 ,
  3.4868134E-07 ,
  3.3888472E-07 ,
  3.3069537E-07 ,
  3.2407641E-07 ,
  3.1899108E-07 ,
  3.1540267E-07 ,
  3.1327434E-07 ,
  3.1256934E-07 ,
  3.1325084E-07 ,
  3.1528211E-07 ,
  3.1862638E-07 ,
  3.2324681E-07 ,
  3.2910665E-07 ,
  3.3616914E-07 ,
  3.4439748E-07 ,
  3.5375493E-07 ,
  3.6420462E-07 ,
  3.7570985E-07 ,
  3.8823381E-07 ,
  4.0173973E-07 ,
  4.1619080E-07 ,
  4.3155026E-07 ,
  4.4778136E-07 ,
  4.6484729E-07 ,
  4.8271124E-07 ,
  5.0133650E-07 ,
  5.2068629E-07 ,
  5.4072376E-07 ,
  5.6141215E-07 ,
  5.8271473E-07 ,
  6.0459462E-07 ,
  6.2701514E-07 ,
  6.4993947E-07 ,
  6.7333082E-07 ,
  6.9715247E-07 ,
  7.2136760E-07 ,
  7.4593930E-07 ,
  7.7083104E-07 ,
  7.9600585E-07 ,
  8.2142702E-07 ,
  8.4705783E-07 ,
  8.7286139E-07 ,
  8.9880092E-07 ,
  9.2483975E-07 ,
  9.5094100E-07 ,
  9.7706788E-07 ,
  1.0031838E-06 ,
  1.0292517E-06 ,
  1.0552349E-06 ,
  1.0810968E-06 ,
  1.1068004E-06 ,
  1.1323090E-06 ,
  1.1575856E-06 ,
  1.1825940E-06 ,
  1.2072968E-06 ,
  1.2316576E-06 ,
  1.2556395E-06 ,
  1.2792057E-06 ,
  1.3023193E-06 ,
  1.3249438E-06 ,
  1.3470423E-06 ,
  1.3685778E-06 ,
  1.3895138E-06 ,
  1.4098135E-06 ,
  1.4294400E-06 ,
  1.4483567E-06 ,
  1.4665269E-06 ,
  1.4839328E-06 ,
  1.5005824E-06 ,
  1.5164854E-06 ,
  1.5316523E-06 ,
  1.5460924E-06 ,
  1.5598164E-06 ,
  1.5728338E-06 ,
  1.5851546E-06 ,
  1.5967889E-06 ,
  1.6077468E-06 ,
  1.6180379E-06 ,
  1.6276725E-06 ,
  1.6366606E-06 ,
  1.6450119E-06 ,
  1.6527366E-06 ,
  1.6598447E-06 ,
  1.6663460E-06 ,
  1.6722505E-06 ,
  1.6775684E-06 ,
  1.6823094E-06 ,
  1.6864836E-06 ,
  1.6901010E-06 ,
  1.6931717E-06 ,
  1.6957054E-06 ,
  1.6977122E-06 ,
  1.6992021E-06 ,
  1.7001851E-06 ,
  1.7006711E-06 ,
  1.7006701E-06 ,
  1.7001921E-06 ,
  1.6992470E-06 ,
  1.6978449E-06 ,
  1.6959959E-06 ,
  1.6937096E-06 ,
  1.6909962E-06 ,
  1.6878657E-06 ,
  1.6843281E-06 ,
  1.6803933E-06 ,
  1.6760712E-06 ,
  1.6713719E-06 ,
  1.6663054E-06 ,
  1.6608816E-06 ,
  1.6551104E-06 ,
  1.6490019E-06 ,
  1.6425661E-06 ,
  1.6358130E-06 ,
  1.6287523E-06 ,
  1.6213944E-06 ,
  1.6137490E-06 ,
  1.6058259E-06 ,
  1.5976356E-06 ,
  1.5891877E-06 ,
  1.5804923E-06 ,
  1.5715592E-06 ,
  1.5623987E-06 ,
  1.5530205E-06 ,
  1.5434347E-06 ,
  1.5336514E-06 ,
  1.5236802E-06 ,
  1.5135314E-06 ,
  1.5032149E-06 ,
  1.4927407E-06 ,
  1.4821187E-06 ,
  1.4713589E-06 ,
  1.4604713E-06 ,
  1.4494659E-06 ,
  1.4383526E-06 ,
  1.4271415E-06 ,
  1.4158423E-06 ,
  1.4044655E-06 ,
  1.3930205E-06 ,
  1.3815177E-06 ,
  1.3699668E-06 ,
  1.3583779E-06 ,
  1.3467609E-06 ,
  1.3351261E-06 ,
  1.3234829E-06 ,
  1.3118417E-06 ,
  1.3002125E-06 ,
  1.2886051E-06 ,
  1.2770295E-06 ,
  1.2654957E-06 ,
  1.2540137E-06 ,
  1.2425934E-06 ,
  1.2312449E-06 ,
  1.2199781E-06 ,
  1.2088029E-06 ,
  1.1977296E-06 ,
  1.1867677E-06 ,
  1.1759275E-06 ,
  1.1652189E-06 ,
  1.1546520E-06 ,
  1.1442365E-06 ,
  1.1339826E-06 ,
  1.1239002E-06 ,
  1.1139992E-06 ,
  1.1042898E-06 ,
  1.0947819E-06 ,
  1.0854851E-06 ,
  1.0764098E-06 ,
  1.0675602E-06 ,
  1.0589340E-06 ,
  1.0505283E-06 ,
  1.0423403E-06 ,
  1.0343672E-06 ,
  1.0266058E-06 ,
  1.0190536E-06 ,
  1.0117076E-06 ,
  1.0045650E-06 ,
  9.9762281E-07 ,
  9.9087822E-07 ,
  9.8432849E-07 ,
  9.7797067E-07 ,
  9.7180202E-07 ,
  9.6581948E-07 ,
  9.6002020E-07 ,
  9.5440146E-07 ,
  9.4896035E-07 ,
  9.4369403E-07 ,
  9.3859956E-07 ,
  9.3367413E-07 ,
  9.2891486E-07 ,
  9.2431890E-07 ,
  9.1988346E-07 ,
  9.1560560E-07 ,
  9.1148246E-07 ,
  9.0751115E-07 ,
  9.0368894E-07 ,
  9.0001288E-07 ,
  8.9648012E-07 ,
  8.9308776E-07 ,
  8.8983302E-07 ,
  8.8671305E-07 ,
  8.8372485E-07 ,
  8.8086568E-07 ,
  8.7813265E-07 ,
  8.7552291E-07 ,
  8.7303357E-07 ,
  8.7066184E-07 ,
  8.6840481E-07 ,
  8.6625954E-07 ,
  8.6422330E-07 ,
  8.6229318E-07 ,
  8.6046634E-07 ,
  8.5873990E-07 ,
  8.5711099E-07 ,
  8.5557679E-07 ,
  8.5413438E-07 ,
  8.5278089E-07 ,
  8.5151356E-07 ,
  8.5032946E-07 ,
  8.4922578E-07 ,
  8.4819965E-07 ,
  8.4724803E-07 ,
  8.4636838E-07 ,
  8.4555757E-07 ,
  8.4481286E-07 ,
  8.4413142E-07 ,
  8.4351029E-07 ,
  8.4294669E-07 ,
  8.4243777E-07 ,
  8.4198058E-07 ,
  8.4157239E-07 ,
  8.4121024E-07 ,
  8.4089118E-07 ,
  8.4061259E-07 ,
  8.4037146E-07 ,
  8.4016494E-07 ,
  8.3999021E-07 ,
  8.3984435E-07 ,
  8.3972452E-07 ,
  8.3962794E-07 ,
  8.3955166E-07 ,
  8.3949283E-07 ,
  8.3944860E-07 ,
  8.3941615E-07 ,
  8.3939256E-07 ,
  8.3937499E-07 ,
  8.3936061E-07 ,
  8.3934651E-07 ,
  8.3932991E-07 ,
  8.3930792E-07 ,
  8.3927762E-07 ,
  8.3923612E-07 ,
  8.3918070E-07 ,
  8.3910840E-07 ,
  8.3901642E-07 ,
  8.3890183E-07 ,
  8.3876182E-07 ,
  8.3859351E-07 ,
  8.3839410E-07 ,
  8.3816064E-07 ,
  8.3789030E-07 ,
  8.3758027E-07 ,
  8.3722762E-07 ,
  8.3682949E-07 ,
  8.3638315E-07 ,
  8.3588554E-07 ,
  8.3533394E-07 ,
  8.3472548E-07 ,
  8.3405899E-07 ,
  8.3333526E-07 ,
  8.3255509E-07 ,
  8.3171943E-07 ,
  8.3082904E-07 ,
  8.2988475E-07 ,
  8.2888761E-07 ,
  8.2783828E-07 ,
  8.2673779E-07 ,
  8.2558694E-07 ,
  8.2438652E-07 ,
  8.2313744E-07 ,
  8.2184062E-07 ,
  8.2049678E-07 ,
  8.1910696E-07 ,
  8.1767195E-07 ,
  8.1619248E-07 ,
  8.1466965E-07 ,
  8.1310418E-07 ,
  8.1149693E-07 ,
  8.0984881E-07 ,
  8.0816062E-07 ,
  8.0643338E-07 ,
  8.0466771E-07 ,
  8.0286469E-07 ,
  8.0102501E-07 ,
  7.9914963E-07 ,
  7.9723947E-07 ,
  7.9529519E-07 ,
  7.9331784E-07 ,
  7.9130825E-07 ,
  7.8926729E-07 ,
  7.8719569E-07 ,
  7.8509441E-07 ,
  7.8296438E-07 ,
  7.8080637E-07 ,
  7.7862120E-07 ,
  7.7640988E-07 ,
  7.7417315E-07 ,
  7.7191191E-07 ,
  7.6962709E-07 ,
  7.6731942E-07 ,
  7.6498986E-07 ,
  7.6263916E-07 ,
  7.6026834E-07 ,
  7.5787818E-07 ,
  7.5546956E-07 ,
  7.5304331E-07 ,
  7.5060029E-07 ,
  7.4814142E-07 ,
  7.4566753E-07 ,
  7.4317944E-07 ,
  7.4067805E-07 ,
  7.3816432E-07 ,
  7.3563888E-07 ,
  7.3310281E-07 ,
  7.3055691E-07 ,
  7.2800196E-07 ,
  7.2543895E-07 ,
  7.2286861E-07 ,
  7.2029189E-07 ,
  7.1770961E-07 ,
  7.1512267E-07 ,
  7.1253197E-07 ,
  7.0993826E-07 ,
  7.0734251E-07 ,
  7.0474550E-07 ,
  7.0214810E-07 ,
  6.9955126E-07 ,
  6.9695574E-07 ,
  6.9436248E-07 ,
  6.9177224E-07 ,
  6.8918598E-07 ,
  6.8660449E-07 ,
  6.8402875E-07 ,
  6.8145948E-07 ,
  6.7889766E-07 ,
  6.7634403E-07 ,
  6.7379955E-07 ,
  6.7126513E-07 ,
  6.6874145E-07 ,
  6.6622954E-07 ,
  6.6373013E-07 ,
  6.6124420E-07 ,
  6.5877254E-07 ,
  6.5631605E-07 ,
  6.5387565E-07 ,
  6.5145201E-07 ,
  6.4904617E-07 ,
  6.4665898E-07 ,
  6.4429116E-07 ,
  6.4194370E-07 ,
  6.3961750E-07 ,
  6.3731329E-07 ,
  6.3503205E-07 ,
  6.3277452E-07 ,
  6.3054165E-07 ,
  6.2833431E-07 ,
  6.2615328E-07 ,
  6.2399954E-07 ,
  6.2187326E-07 ,
  6.1977420E-07 ,
  6.1770197E-07 ,
  6.1565623E-07 ,
  6.1363670E-07 ,
  6.1164303E-07 ,
  6.0967488E-07 ,
  6.0773186E-07 ,
  6.0581368E-07 ,
  6.0391994E-07 ,
  6.0205048E-07 ,
  6.0020477E-07 ,
  5.9838254E-07 ,
  5.9658350E-07 ,
  5.9480726E-07 ,
  5.9305347E-07 ,
  5.9132185E-07 ,
  5.8961200E-07 ,
  5.8792364E-07 ,
  5.8625636E-07 ,
  5.8460989E-07 ,
  5.8298389E-07 ,
  5.8137800E-07 ,
  5.7979190E-07 ,
  5.7822518E-07 ,
  5.7667762E-07 ,
  5.7514876E-07 ,
  5.7363837E-07 ,
  5.7214612E-07 ,
  5.7067155E-07 ,
  5.6921442E-07 ,
  5.6777441E-07 ,
  5.6635110E-07 ,
  5.6494417E-07 ,
  5.6355333E-07 ,
  5.6217817E-07 ,
  5.6081848E-07 ,
  5.5947385E-07 ,
  5.5814394E-07 ,
  5.5682835E-07 ,
  5.5552687E-07 ,
  5.5423902E-07 ,
  5.5296459E-07 ,
  5.5170324E-07 ,
  5.5045450E-07 ,
  5.4921816E-07 ,
  5.4799386E-07 ,
  5.4678122E-07 ,
  5.4557989E-07 ,
  5.4438965E-07 ,
  5.4321009E-07 ,
  5.4204082E-07 ,
  5.4088156E-07 ,
  5.3973190E-07 ,
  5.3859168E-07 ,
  5.3746038E-07 ,
  5.3633778E-07 ,
  5.3522342E-07 ,
  5.3411708E-07 ,
  5.3301835E-07 ,
  5.3192696E-07 ,
  5.3084250E-07 ,
  5.2976469E-07 ,
  5.2869314E-07 ,
  5.2762761E-07 ,
  5.2656770E-07 ,
  5.2551297E-07 ,
  5.2446325E-07 ,
  5.2341812E-07 ,
  5.2237726E-07 ,
  5.2134038E-07 ,
  5.2030703E-07 ,
  5.1927697E-07 ,
  5.1824975E-07 ,
  5.1722520E-07 ,
  5.1620287E-07 ,
  5.1518248E-07 ,
  5.1416362E-07 ,
  5.1314595E-07 ,
  5.1212930E-07 ,
  5.1111311E-07 ,
  5.1009721E-07 ,
  5.0908113E-07 ,
  5.0806466E-07 ,
  5.0704733E-07 ,
  5.0602887E-07 ,
  5.0500904E-07 ,
  5.0398734E-07 ,
  5.0296353E-07 ,
  5.0193722E-07 ,
  5.0090813E-07 ,
  4.9987585E-07 ,
  4.9884011E-07 ,
  4.9780056E-07 ,
  4.9675685E-07 ,
  4.9570860E-07 ,
  4.9465552E-07 ,
  4.9359733E-07 ,
  4.9253356E-07 ,
  4.9146399E-07 ,
  4.9038852E-07 ,
  4.8930713E-07 ,
  4.8822005E-07 ,
  4.8712741E-07 ,
  4.8602925E-07 ,
  4.8492575E-07 ,
  4.8381702E-07 ,
  4.8270323E-07 ,
  4.8158432E-07 ,
  4.8046064E-07 ,
  4.7933219E-07 ,
  4.7819901E-07 ,
  4.7706146E-07 ,
  4.7591942E-07 ,
  4.7477317E-07 ,
  4.7362269E-07 ,
  4.7246823E-07 ,
  4.7130982E-07 ,
  4.7014765E-07 ,
  4.6898174E-07 ,
  4.6781236E-07 ,
  4.6663951E-07 ,
  4.6546330E-07 ,
  4.6428394E-07 ,
  4.6310151E-07 ,
  4.6191613E-07 ,
  4.6072788E-07 ,
  4.5953695E-07 ,
  4.5834338E-07 ,
  4.5714737E-07 ,
  4.5594899E-07 ,
  4.5474837E-07 ,
  4.5354568E-07 ,
  4.5234094E-07 ,
  4.5113435E-07 ,
  4.4992598E-07 ,
  4.4871601E-07 ,
  4.4750450E-07 ,
  4.4629158E-07 ,
  4.4507743E-07 ,
  4.4386209E-07 ,
  4.4264573E-07 ,
  4.4142845E-07 ,
  4.4021036E-07 ,
  4.3899163E-07 ,
  4.3777229E-07 ,
  4.3655254E-07 ,
  4.3533248E-07 ,
  4.3411222E-07 ,
  4.3289188E-07 ,
  4.3167162E-07 ,
  4.3045148E-07 ,
  4.2923162E-07 ,
  4.2801219E-07 ,
  4.2679326E-07 ,
  4.2557502E-07 ,
  4.2435749E-07 ,
  4.2314088E-07 ,
  4.2192525E-07 ,
  4.2071076E-07 ,
  4.1949752E-07 ,
  4.1828562E-07 ,
  4.1707520E-07 ,
  4.1586640E-07 ,
  4.1465933E-07 ,
  4.1345410E-07 ,
  4.1225081E-07 ,
  4.1104963E-07 ,
  4.0985066E-07 ,
  4.0865399E-07 ,
  4.0745977E-07 ,
  4.0626813E-07 ,
  4.0507913E-07 ,
  4.0389298E-07 ,
  4.0270973E-07 ,
  4.0152952E-07 ,
  4.0035249E-07 ,
  3.9917876E-07 ,
  3.9800838E-07 ,
  3.9684156E-07 ,
  3.9567837E-07 ,
  3.9451893E-07 ,
  3.9336339E-07 ,
  3.9221189E-07 ,
  3.9106445E-07 ,
  3.8992130E-07 ,
  3.8878247E-07 ,
  3.8764816E-07 ,
  3.8651842E-07 ,
  3.8539343E-07 ,
  3.8427328E-07 ,
  3.8315810E-07 ,
  3.8204797E-07 ,
  3.8094308E-07 ,
  3.7984350E-07 ,
  3.7874935E-07 ,
  3.7766077E-07 ,
  3.7657787E-07 ,
  3.7550078E-07 ,
  3.7442959E-07 ,
  3.7336440E-07 ,
  3.7230510E-07 ,
  3.7125173E-07 ,
  3.7020422E-07 ,
  3.6916259E-07 ,
  3.6812676E-07 ,
  3.6709670E-07 ,
  3.6607241E-07 ,
  3.6505389E-07 ,
  3.6404106E-07 ,
  3.6303388E-07 ,
  3.6203238E-07 ,
  3.6103648E-07 ,
  3.6004616E-07 ,
  3.5906143E-07 ,
  3.5808219E-07 ,
  3.5710849E-07 ,
  3.5614025E-07 ,
  3.5517746E-07 ,
  3.5422011E-07 ,
  3.5326812E-07 ,
  3.5232148E-07 ,
  3.5138018E-07 ,
  3.5044417E-07 ,
  3.4951347E-07 ,
  3.4858800E-07 ,
  3.4766774E-07 ,
  3.4675264E-07 ,
  3.4584275E-07 ,
  3.4493797E-07 ,
  3.4403828E-07 ,
  3.4314365E-07 ,
  3.4225408E-07 ,
  3.4136954E-07 ,
  3.4048998E-07 ,
  3.3961535E-07 ,
  3.3874568E-07 ,
  3.3788089E-07 ,
  3.3702099E-07 ,
  3.3616593E-07 ,
  3.3531566E-07 ,
  3.3447020E-07 ,
  3.3362949E-07 ,
  3.3279349E-07 ,
  3.3196221E-07 ,
  3.3113560E-07 ,
  3.3031361E-07 ,
  3.2949623E-07 ,
  3.2868346E-07 ,
  3.2787523E-07 ,
  3.2707152E-07 ,
  3.2627233E-07 ,
  3.2547760E-07 ,
  3.2468728E-07 ,
  3.2390142E-07 ,
  3.2311991E-07 ,
  3.2234274E-07 ,
  3.2156990E-07 ,
  3.2080138E-07 ,
  3.2003715E-07 ,
  3.1927709E-07 ,
  3.1852130E-07 ,
  3.1776966E-07 ,
  3.1702220E-07 ,
  3.1627883E-07 ,
  3.1553958E-07 ,
  3.1480437E-07 ,
  3.1407322E-07 ,
  3.1334608E-07 ,
  3.1262289E-07 ,
  3.1190368E-07 ,
  3.1118839E-07 ,
  3.1047699E-07 ,
  3.0976943E-07 ,
  3.0906574E-07 ,
  3.0836583E-07 ,
  3.0766972E-07 ,
  3.0697737E-07 ,
  3.0628871E-07 ,
  3.0560378E-07 ,
  3.0492248E-07 ,
  3.0424482E-07 ,
  3.0357077E-07 ,
  3.0290028E-07 ,
  3.0223339E-07 ,
  3.0156997E-07 ,
  3.0091007E-07 ,
  3.0025362E-07 ,
  2.9960060E-07 ,
  2.9895099E-07 ,
  2.9830477E-07 ,
  2.9766187E-07 ,
  2.9702232E-07 ,
  2.9638602E-07 ,
  2.9575301E-07 ,
  2.9512324E-07 ,
  2.9449666E-07 ,
  2.9387326E-07 ,
  2.9325301E-07 ,
  2.9263586E-07 ,
  2.9202181E-07 ,
  2.9141080E-07 ,
  2.9080286E-07 ,
  2.9019790E-07 ,
  2.8959590E-07 ,
  2.8899686E-07 ,
  2.8840074E-07 ,
  2.8780750E-07 ,
  2.8721715E-07 ,
  2.8662959E-07 ,
  2.8604484E-07 ,
  2.8546287E-07 ,
  2.8488364E-07 ,
  2.8430713E-07 ,
  2.8373330E-07 ,
  2.8316214E-07 ,
  2.8259359E-07 ,
  2.8202766E-07 ,
  2.8146428E-07 ,
  2.8090344E-07 ,
  2.8034515E-07 ,
  2.7978930E-07 ,
  2.7923593E-07 ,
  2.7868498E-07 ,
  2.7813644E-07 ,
  2.7759026E-07 ,
  2.7704644E-07 ,
  2.7650489E-07 ,
  2.7596568E-07 ,
  2.7542870E-07 ,
  2.7489395E-07 ,
  2.7436138E-07 ,
  2.7383098E-07 ,
  2.7330273E-07 ,
  2.7277662E-07 ,
  2.7225255E-07 ,
  2.7173056E-07 ,
  2.7121058E-07 ,
  2.7069260E-07 ,
  2.7017657E-07 ,
  2.6966251E-07 ,
  2.6915035E-07 ,
  2.6864009E-07 ,
  2.6813163E-07 ,
  2.6762504E-07 ,
  2.6712021E-07 ,
  2.6661718E-07 ,
  2.6611588E-07 ,
  2.6561628E-07 ,
  2.6511836E-07 ,
  2.6462209E-07 ,
  2.6412746E-07 ,
  2.6363443E-07 ,
  2.6314294E-07 ,
  2.6265297E-07 ,
  2.6216458E-07 ,
  2.6167760E-07 ,
  2.6119210E-07 ,
  2.6070802E-07 ,
  2.6022531E-07 ,
  2.5974398E-07 ,
  2.5926397E-07 ,
  2.5878529E-07 ,
  2.5830786E-07 ,
  2.5783172E-07 ,
  2.5735679E-07 ,
  2.5688306E-07 ,
  2.5641046E-07 ,
  2.5593900E-07 ,
  2.5546865E-07 ,
  2.5499938E-07 ,
  2.5453116E-07 ,
  2.5406396E-07 ,
  2.5359776E-07 ,
  2.5313250E-07 ,
  2.5266817E-07 ,
  2.5220476E-07 ,
  2.5174222E-07 ,
  2.5128051E-07 ,
  2.5081965E-07 ,
  2.5035956E-07 ,
  2.4990024E-07 ,
  2.4944165E-07 ,
  2.4898375E-07 ,
  2.4852656E-07 ,
  2.4806999E-07 ,
  2.4761403E-07 ,
  2.4715865E-07 ,
  2.4670385E-07 ,
  2.4624958E-07 ,
  2.4579580E-07 ,
  2.4534251E-07 ,
  2.4488963E-07 ,
  2.4443719E-07 ,
  2.4398514E-07 ,
  2.4353344E-07 ,
  2.4308207E-07 ,
  2.4263102E-07 ,
  2.4218022E-07 ,
  2.4172965E-07 ,
  2.4127937E-07 ,
  2.4082925E-07 ,
  2.4037942E-07 ,
  2.3992976E-07 ,
  2.3948036E-07 ,
  2.3903118E-07 ,
  2.3858220E-07 ,
  2.3813348E-07 ,
  2.3768496E-07 ,
  2.3723668E-07 ,
  2.3678859E-07 ,
  2.3634072E-07 ,
  2.3589308E-07 ,
  2.3544567E-07 ,
  2.3499847E-07 ,
  2.3455146E-07 ,
  2.3410468E-07 ,
  2.3365810E-07 ,
  2.3321172E-07 ,
  2.3276559E-07 ,
  2.3231964E-07 ,
  2.3187390E-07 ,
  2.3142836E-07 ,
  2.3098302E-07 ,
  2.3053791E-07 ,
  2.3009298E-07 ,
  2.2964825E-07 ,
  2.2920372E-07 ,
  2.2875940E-07 ,
  2.2831527E-07 ,
  2.2787134E-07 ,
  2.2742759E-07 ,
  2.2698404E-07 ,
  2.2654071E-07 ,
  2.2609753E-07 ,
  2.2565456E-07 ,
  2.2521178E-07 ,
  2.2476920E-07 ,
  2.2432678E-07 ,
  2.2388457E-07 ,
  2.2344253E-07 ,
  2.2300067E-07 ,
  2.2255900E-07 ,
  2.2211751E-07 ,
  2.2167619E-07 ,
  2.2123507E-07 ,
  2.2079411E-07 ,
  2.2035333E-07 ,
  2.1991272E-07 ,
  2.1947230E-07 ,
  2.1903205E-07 ,
  2.1859196E-07 ,
  2.1815205E-07 ,
  2.1771231E-07 ,
  2.1727273E-07 ,
  2.1683333E-07 ,
  2.1639408E-07 ,
  2.1595500E-07 ,
  2.1551610E-07 ,
  2.1507734E-07 ,
  2.1463875E-07 ,
  2.1420033E-07 ,
  2.1376205E-07 ,
  2.1332393E-07 ,
  2.1288598E-07 ,
  2.1244817E-07 ,
  2.1201053E-07 ,
  2.1157304E-07 ,
  2.1113570E-07 ,
  2.1069850E-07 ,
  2.1026146E-07 ,
  2.0982458E-07 ,
  2.0938782E-07 ,
  2.0895123E-07 ,
  2.0851478E-07 ,
  2.0807848E-07 ,
  2.0764230E-07 ,
  2.0720628E-07 ,
  2.0677039E-07 ,
  2.0633466E-07 ,
  2.0589904E-07 ,
  2.0546358E-07 ,
  2.0502824E-07 ,
  2.0459304E-07 ,
  2.0415798E-07 ,
  2.0372305E-07 ,
  2.0328825E-07 ,
  2.0285357E-07 ,
  2.0241903E-07 ,
  2.0198461E-07 ,
  2.0155034E-07 ,
  2.0111617E-07 ,
  2.0068212E-07 ,
  2.0024821E-07 ,
  1.9981441E-07 ,
  1.9938075E-07 ,
  1.9894719E-07 ,
  1.9851376E-07 ,
  1.9808044E-07 ,
  1.9764724E-07 ,
  1.9721415E-07 ,
  1.9678117E-07 ,
  1.9634832E-07 ,
  1.9591558E-07 ,
  1.9548294E-07 ,
  1.9505040E-07 ,
  1.9461798E-07 ,
  1.9418569E-07 ,
  1.9375346E-07 ,
  1.9332136E-07 ,
  1.9288937E-07 ,
  1.9245746E-07 ,
  1.9202567E-07 ,
  1.9159398E-07 ,
  1.9116237E-07 ,
  1.9073087E-07 ,
  1.9029947E-07 ,
  1.8986816E-07 ,
  1.8943695E-07 ,
  1.8900585E-07 ,
  1.8857480E-07 ,
  1.8814387E-07 ,
  1.8771303E-07 ,
  1.8728225E-07 ,
  1.8685159E-07 ,
  1.8642100E-07 ,
  1.8599050E-07 ,
  1.8556008E-07 ,
  1.8512975E-07 ,
  1.8469949E-07 ,
  1.8426933E-07 ,
  1.8383922E-07 ,
  1.8340920E-07 ,
  1.8297926E-07 ,
  1.8254940E-07 ,
  1.8211961E-07 ,
  1.8168990E-07 ,
  1.8126026E-07 ,
  1.8083068E-07 ,
  1.8040117E-07 ,
  1.7997175E-07 ,
  1.7954238E-07 ,
  1.7911307E-07 ,
  1.7868385E-07 ,
  1.7825468E-07 ,
  1.7782556E-07 ,
  1.7739652E-07 ,
  1.7696752E-07 ,
  1.7653861E-07 ,
  1.7610974E-07 ,
  1.7568092E-07 ,
  1.7525217E-07 ,
  1.7482346E-07 ,
  1.7439481E-07 ,
  1.7396623E-07 ,
  1.7353769E-07 ,
  1.7310920E-07 ,
  1.7268074E-07 ,
  1.7225236E-07 ,
  1.7182400E-07 ,
  1.7139570E-07 ,
  1.7096744E-07 ,
  1.7053922E-07 ,
  1.7011105E-07 ,
  1.6968292E-07 ,
  1.6925482E-07 ,
  1.6882677E-07 ,
  1.6839876E-07 ,
  1.6797078E-07 ,
  1.6754282E-07 ,
  1.6711492E-07 ,
  1.6668704E-07 ,
  1.6625918E-07 ,
  1.6583138E-07 ,
  1.6540358E-07 ,
  1.6497583E-07 ,
  1.6454810E-07 ,
  1.6412038E-07 ,
  1.6369270E-07 ,
  1.6326504E-07 ,
  1.6283741E-07 ,
  1.6240979E-07 ,
  1.6198220E-07 ,
  1.6155462E-07 ,
  1.6112708E-07 ,
  1.6069953E-07 ,
  1.6027201E-07 ,
  1.5984449E-07 ,
  1.5941700E-07 ,
  1.5898951E-07 ,
  1.5856203E-07 ,
  1.5813455E-07 ,
  1.5770711E-07 ,
  1.5727966E-07 ,
  1.5685221E-07 ,
  1.5642478E-07 ,
  1.5599734E-07 ,
  1.5556991E-07 ,
  1.5514249E-07 ,
  1.5471505E-07 ,
  1.5428760E-07 ,
  1.5386017E-07 ,
  1.5343274E-07 ,
  1.5300530E-07 ,
  1.5257785E-07 ,
  1.5215041E-07 ,
  1.5172294E-07 ,
  1.5129548E-07 ,
  1.5086800E-07 ,
  1.5044051E-07 ,
  1.5001301E-07 ,
  1.4958549E-07 ,
  1.4915797E-07 ,
  1.4873042E-07 ,
  1.4830285E-07 ,
  1.4787527E-07 ,
  1.4744766E-07 ,
  1.4702005E-07 ,
  1.4659240E-07 ,
  1.4616474E-07 ,
  1.4573705E-07 ,
  1.4530933E-07 ,
  1.4488160E-07 ,
  1.4445382E-07 ,
  1.4402603E-07 ,
  1.4359820E-07 ,
  1.4317034E-07 ,
  1.4274244E-07 ,
  1.4231452E-07 ,
  1.4188657E-07 ,
  1.4145859E-07 ,
  1.4103055E-07 ,
  1.4060248E-07 ,
  1.4017438E-07 ,
  1.3974623E-07 ,
  1.3931805E-07 ,
  1.3888980E-07 ,
  1.3846153E-07 ,
  1.3803322E-07 ,
  1.3760486E-07 ,
  1.3717644E-07 ,
  1.3674797E-07 ,
  1.3631947E-07 ,
  1.3589091E-07 ,
  1.3546230E-07 ,
  1.3503363E-07 ,
  1.3460492E-07 ,
  1.3417615E-07 ,
  1.3374732E-07 ,
  1.3331842E-07 ,
  1.3288948E-07 ,
  1.3246047E-07 ,
  1.3203142E-07 ,
  1.3160228E-07 ,
  1.3117308E-07 ,
  1.3074383E-07 ,
  1.3031450E-07 ,
  1.2988512E-07 ,
  1.2945566E-07 ,
  1.2902613E-07 ,
  1.2859654E-07 ,
  1.2816686E-07 ,
  1.2773712E-07 ,
  1.2730732E-07 ,
  1.2687742E-07 ,
  1.2644746E-07 ,
  1.2601743E-07 ,
  1.2558729E-07 ,
  1.2515709E-07 ,
  1.2472681E-07 ,
  1.2429645E-07 ,
  1.2386600E-07 ,
  1.2343547E-07 ,
  1.2300485E-07 ,
  1.2257416E-07 ,
  1.2214336E-07 ,
  1.2171249E-07 ,
  1.2128153E-07 ,
  1.2085047E-07 ,
  1.2041932E-07 ,
  1.1998807E-07 ,
  1.1955673E-07 ,
  1.1912530E-07 ,
  1.1869376E-07 ,
  1.1826214E-07 ,
  1.1783040E-07 ,
  1.1739858E-07 ,
  1.1696665E-07 ,
  1.1653461E-07 ,
  1.1610248E-07 ,
  1.1567023E-07 ,
  1.1523788E-07 ,
  1.1480542E-07 ,
  1.1437286E-07 ,
  1.1394018E-07 ,
  1.1350740E-07 ,
  1.1307451E-07 ,
  1.1264149E-07 ,
  1.1220838E-07 ,
  1.1177513E-07 ,
  1.1134178E-07 ,
  1.1090830E-07 ,
  1.1047472E-07 ,
  1.1004100E-07 ,
  1.0960716E-07 ,
  1.0917321E-07 ,
  1.0873913E-07 ,
  1.0830492E-07 ,
  1.0787060E-07 ,
  1.0743614E-07 ,
  1.0700155E-07 ,
  1.0656683E-07 ,
  1.0613199E-07 ,
  1.0569701E-07 ,
  1.0526190E-07 ,
  1.0482666E-07 ,
  1.0439128E-07 ,
  1.0395577E-07 ,
  1.0352012E-07 ,
  1.0308433E-07 ,
  1.0264839E-07 ,
  1.0221232E-07 ,
  1.0177611E-07 ,
  1.0133975E-07 ,
  1.0090325E-07 ,
  1.0046660E-07 ,
  1.0002981E-07 ,
  9.9592867E-08 ,
  9.9155784E-08 ,
  9.8718537E-08 ,
  9.8281149E-08 ,
  9.7843603E-08 ,
  9.7405902E-08 ,
  9.6968051E-08 ,
  9.6530044E-08 ,
  9.6091874E-08 ,
  9.5653554E-08 ,
  9.5215071E-08 ,
  9.4776432E-08 ,
  9.4337622E-08 ,
  9.3898656E-08 ,
  9.3459526E-08 ,
  9.3020226E-08 ,
  9.2580763E-08 ,
  9.2141129E-08 ,
  9.1701324E-08 ,
  9.1261363E-08 ,
  9.0821217E-08 ,
  9.0380901E-08 ,
  8.9940414E-08 ,
  8.9499757E-08 ,
  8.9058922E-08 ,
  8.8617909E-08 ,
  8.8176719E-08 ,
  8.7735344E-08 ,
  8.7293799E-08 ,
  8.6852069E-08 ,
  8.6410147E-08 ,
  8.5968054E-08 ,
  8.5525770E-08 ,
  8.5083300E-08 ,
  8.4640639E-08 ,
  8.4197801E-08 ,
  8.3754770E-08 ,
  8.3311541E-08 ,
  8.2868119E-08 ,
  8.2424513E-08 ,
  8.1980708E-08 ,
  8.1536704E-08 ,
  8.1092516E-08 ,
  8.0648121E-08 ,
  8.0203534E-08 ,
  7.9758735E-08 ,
  7.9313743E-08 ,
  7.8868553E-08 ,
  7.8423149E-08 ,
  7.7977546E-08 ,
  7.7531737E-08 ,
  7.7085723E-08 ,
  7.6639495E-08 ,
  7.6193068E-08 ,
  7.5746414E-08 ,
  7.5299567E-08 ,
  7.4852501E-08 ,
  7.4405214E-08 ,
  7.3957715E-08 ,
  7.3510002E-08 ,
  7.3062076E-08 ,
  7.2613929E-08 ,
  7.2165555E-08 ,
  7.1716975E-08 ,
  7.1268161E-08 ,
  7.0819119E-08 ,
  7.0369865E-08 ,
  6.9920382E-08 ,
  6.9470673E-08 ,
  6.9020736E-08 ,
  6.8570564E-08 ,
  6.8120173E-08 ,
  6.7669546E-08 ,
  6.7218679E-08 ,
  6.6767583E-08 ,
  6.6316261E-08 ,
  6.5864697E-08 ,
  6.5412891E-08 ,
  6.4960858E-08 ,
  6.4508569E-08 ,
  6.4056053E-08 ,
  6.3603295E-08 ,
  6.3150289E-08 ,
  6.2697040E-08 ,
  6.2243551E-08 ,
  6.1789812E-08 ,
  6.1335825E-08 ,
  6.0881582E-08 ,
  6.0427098E-08 ,
  5.9972365E-08 ,
  5.9517376E-08 ,
  5.9062138E-08 ,
  5.8606641E-08 ,
  5.8150892E-08 ,
  5.7694884E-08 ,
  5.7238619E-08 ,
  5.6782092E-08 ,
  5.6325309E-08 ,
  5.5868266E-08 ,
  5.5410954E-08 ,
  5.4953382E-08 ,
  5.4495548E-08 ,
  5.4037443E-08 ,
  5.3579075E-08 ,
  5.3120434E-08 ,
  5.2661527E-08 ,
  5.2202349E-08 ,
  5.1742902E-08 ,
  5.1283177E-08 ,
  5.0823179E-08 ,
  5.0362907E-08 ,
  4.9902361E-08 ,
  4.9441535E-08 ,
  4.8980432E-08 ,
  4.8519045E-08 ,
  4.8057380E-08 ,
  4.7595432E-08 ,
  4.7133199E-08 ,
  4.6670685E-08 ,
  4.6207884E-08 ,
  4.5744798E-08 ,
  4.5281421E-08 ,
  4.4817757E-08 ,
  4.4353801E-08 ,
  4.3889557E-08 ,
  4.3425018E-08 ,
  4.2960185E-08 ,
  4.2495056E-08 ,
  4.2029633E-08 ,
  4.1563911E-08 ,
  4.1097891E-08 ,
  4.0631573E-08 ,
  4.0164956E-08 ,
  3.9698033E-08 ,
  3.9230805E-08 ,
  3.8763279E-08 ,
  3.8295447E-08 ,
  3.7827302E-08 ,
  3.7358856E-08 ,
  3.6890100E-08 ,
  3.6421032E-08 ,
  3.5951654E-08 ,
  3.5481964E-08 ,
  3.5011961E-08 ,
  3.4541642E-08 ,
  3.4071011E-08 ,
  3.3600060E-08 ,
  3.3128792E-08 ,
  3.2657205E-08 ,
  3.2185294E-08 ,
  3.1713068E-08 ,
  3.1240514E-08 ,
  3.0767634E-08 ,
  3.0294434E-08 ,
  2.9820907E-08 ,
  2.9347053E-08 ,
  2.8872869E-08 ,
  2.8398357E-08 ,
  2.7923512E-08 ,
  2.7448337E-08 ,
  2.6972829E-08 ,
  2.6496986E-08 ,
  2.6020805E-08 ,
  2.5544290E-08 ,
  2.5067438E-08 ,
  2.4590246E-08 ,
  2.4112715E-08 ,
  2.3634842E-08 ,
  2.3156625E-08 ,
  2.2678067E-08 ,
  2.2199165E-08 ,
  2.1719915E-08 ,
  2.1240318E-08 ,
  2.0760375E-08 ,
  2.0280080E-08 ,
  1.9799437E-08 ,
  1.9318438E-08 ,
  1.8837092E-08 ,
  1.8355388E-08 ,
  1.7873331E-08 ,
  1.7390917E-08 ,
  1.6908144E-08 ,
  1.6425014E-08 ,
  1.5941525E-08 ,
  1.5457674E-08 ,
  1.4973462E-08 ,
  1.4488886E-08 ,
  1.4003946E-08 ,
  1.3518640E-08 ,
  1.3032967E-08 ,
  1.2546926E-08 ,
  1.2060518E-08 ,
  1.1573738E-08 ,
  1.1086587E-08 ,
  1.0599063E-08 ,
  1.0111166E-08 ,
  9.6228945E-09 ,
  9.1342471E-09 ,
  8.6452214E-09 ,
  8.1558191E-09 ,
  7.6660358E-09 ,
  7.1758732E-09 ,
  6.6853283E-09 ,
  6.1944005E-09 ,
  5.7030887E-09 ,
  5.2113918E-09 ,
  4.7193085E-09 ,
  4.2268375E-09 ,
  3.7339780E-09 ,
  3.2407284E-09 ,
  2.7470879E-09 ,
  2.2530553E-09 ,
  1.7586294E-09 ,
  1.2638089E-09 ,
  7.6859291E-10 ,
  2.7298008E-10 ,
  0.0000000E+00 ,
  0.0000000E+00 ,
  0.0000000E+00 ,
  0.0000000E+00 ,
  0.0000000E+00 ,
  0.0000000E+00 ,
  0.0000000E+00 ,
  0.0000000E+00 ,
  0.0000000E+00 ,
  0.0000000E+00 ,
  0.0000000E+00 ,
  0.0000000E+00 ,
  0.0000000E+00 ,
  0.0000000E+00 ,
  0.0000000E+00 ,
  0.0000000E+00 ,
  0.0000000E+00 ,
  0.0000000E+00 ,
  0.0000000E+00 ,
  0.0000000E+00 ,
  0.0000000E+00 ,
  0.0000000E+00 ,
  0.0000000E+00 ,
  0.0000000E+00 ,
  0.0000000E+00 ,
  0.0000000E+00 ,
  0.0000000E+00 ,
  0.0000000E+00 ,
  0.0000000E+00 ,
  0.0000000E+00 ,
  0.0000000E+00 ,
  0.0000000E+00 ,
  0.0000000E+00 ,
  0.0000000E+00 ,
  0.0000000E+00 ,
  0.0000000E+00 ,
  0.0000000E+00 ,
  0.0000000E+00 ,
  0.0000000E+00 ,
  0.0000000E+00 ,
  0.0000000E+00 ,
  0.0000000E+00 ,
  0.0000000E+00 ,
  0.0000000E+00 ,
  0.0000000E+00 ,
  0.0000000E+00 ,
  0.0000000E+00 ,
  0.0000000E+00 ,
  0.0000000E+00 ,
  0.0000000E+00 ,
  0.0000000E+00 ,
  0.0000000E+00 ,
  0.0000000E+00 ,
  0.0000000E+00 ,
  0.0000000E+00 ,
  0.0000000E+00 ,
  0.0000000E+00 ,
  0.0000000E+00 ,
  0.0000000E+00 ,
  0.0000000E+00 ,
  0.0000000E+00 ,
  0.0000000E+00 ,
  0.0000000E+00 ,
  0.0000000E+00 ,
  0.0000000E+00 ,
  0.0000000E+00 ,
  0.0000000E+00 ,
  0.0000000E+00 ,
  0.0000000E+00 ,
  0.0000000E+00 ,
  0.0000000E+00 ,
  0.0000000E+00 ,
  0.0000000E+00 ,
  0.0000000E+00 ,
  0.0000000E+00 ,
  0.0000000E+00 ,
  0.0000000E+00 ,
  0.0000000E+00 ,
  0.0000000E+00 ,
  0.0000000E+00 ,
  0.0000000E+00 ,
  0.0000000E+00 ,
  0.0000000E+00 ,
  0.0000000E+00 ,
  0.0000000E+00 ,
  0.0000000E+00 ,
  0.0000000E+00 ,
  0.0000000E+00 ,
  0.0000000E+00 ,
  0.0000000E+00 ,
  0.0000000E+00 ,
  0.0000000E+00 ,
  0.0000000E+00 ,
  0.0000000E+00 ,
  0.0000000E+00 ,
  0.0000000E+00 ,
  0.0000000E+00 ,
  0.0000000E+00 ,
  0.0000000E+00 ,
  0.0000000E+00 ,
  0.0000000E+00 ,
  0.0000000E+00 ,
  0.0000000E+00 ,
  0.0000000E+00 ,
  0.0000000E+00 ,
  0.0000000E+00 ,
  0.0000000E+00 ,
  0.0000000E+00 ,
  0.0000000E+00 ,
  0.0000000E+00 ,
  0.0000000E+00 ,
  0.0000000E+00 ,
  0.0000000E+00 ,
  0.0000000E+00 ,
  0.0000000E+00 ,
  0.0000000E+00 ,
  0.0000000E+00 ,
  0.0000000E+00 ,
  0.0000000E+00 ,
  0.0000000E+00 ,
  0.0000000E+00 ,
  0.0000000E+00 ,
  0.0000000E+00 ,
  0.0000000E+00 ,
  0.0000000E+00 ,
  0.0000000E+00 ,
  0.0000000E+00 ,
  0.0000000E+00 ,
  0.0000000E+00 ,
  0.0000000E+00 ,
  0.0000000E+00 ,
  0.0000000E+00 ,
  0.0000000E+00 ,
  0.0000000E+00 ,
  0.0000000E+00 ,
  0.0000000E+00 ,
  0.0000000E+00 ,
  0.0000000E+00 ,
  0.0000000E+00 ,
  0.0000000E+00 ,
  0.0000000E+00 ,
  0.0000000E+00 ,
  0.0000000E+00 ,
  0.0000000E+00 ,
  0.0000000E+00 ,
  0.0000000E+00 ,
  0.0000000E+00 ,
  0.0000000E+00 ,
  0.0000000E+00 ,
  0.0000000E+00 ,
  0.0000000E+00 ,
  0.0000000E+00 ,
  0.0000000E+00 ,
  0.0000000E+00 ,
  0.0000000E+00 ,
  0.0000000E+00 ,
  0.0000000E+00 ,
  0.0000000E+00 ,
  0.0000000E+00 ,
  0.0000000E+00 ,
  0.0000000E+00 ,
  0.0000000E+00 ,
  0.0000000E+00 ,
  0.0000000E+00 ,
  0.0000000E+00 ,
  0.0000000E+00 ,
  0.0000000E+00 ,
  0.0000000E+00 ,
  0.0000000E+00 ,
  0.0000000E+00 ,
  0.0000000E+00 ,
  0.0000000E+00 ,
  0.0000000E+00 ,
  0.0000000E+00 ,
  0.0000000E+00 ,
  0.0000000E+00 ,
  0.0000000E+00 ,
  0.0000000E+00 ,
  0.0000000E+00 ,
  0.0000000E+00 ,
  0.0000000E+00 ,
  0.0000000E+00 ,
  0.0000000E+00 ,
  0.0000000E+00 ,
  0.0000000E+00 ,
  0.0000000E+00 ,
  0.0000000E+00 ,
  0.0000000E+00 ,
  0.0000000E+00 ,
  0.0000000E+00 ,
  0.0000000E+00 ,
  0.0000000E+00 ,
  0.0000000E+00 ,
  0.0000000E+00 ,
  0.0000000E+00 ,
  0.0000000E+00 ,
  0.0000000E+00 ,
  0.0000000E+00 ,
  0.0000000E+00 ,
  0.0000000E+00 ,
  0.0000000E+00 ,
  0.0000000E+00 ,
  0.0000000E+00 ,
  0.0000000E+00 ,
  0.0000000E+00 ,
  0.0000000E+00 ,
  0.0000000E+00 ,
  0.0000000E+00 ,
  0.0000000E+00 ,
  0.0000000E+00 ,
  0.0000000E+00 ,
  0.0000000E+00 ,
  0.0000000E+00 ,
  0.0000000E+00 ,
  0.0000000E+00 ,
  0.0000000E+00 ,
  0.0000000E+00 ,
  0.0000000E+00 ,
  0.0000000E+00 ,
  0.0000000E+00 ,
  0.0000000E+00 ,
  0.0000000E+00 ,
  0.0000000E+00 ,
  0.0000000E+00 ,
  0.0000000E+00 ,
  0.0000000E+00 ,
  0.0000000E+00 ,
  0.0000000E+00 ,
  0.0000000E+00 ,
  0.0000000E+00 ,
  0.0000000E+00 ,
  0.0000000E+00 ,
  0.0000000E+00 ,
  0.0000000E+00 ,
  0.0000000E+00 ,
  0.0000000E+00 ,
  0.0000000E+00 ,
  0.0000000E+00 ,
  0.0000000E+00 ,
  0.0000000E+00 ,
  0.0000000E+00 ,
  0.0000000E+00 ,
  0.0000000E+00 ,
  0.0000000E+00 ,
  0.0000000E+00 ,
  0.0000000E+00 ,
  0.0000000E+00 ,
  0.0000000E+00 ,
  0.0000000E+00 ,
  0.0000000E+00 ,
  0.0000000E+00 ,
  0.0000000E+00 ,
  0.0000000E+00 ,
  0.0000000E+00 ,
  0.0000000E+00 ,
  0.0000000E+00 ,
  0.0000000E+00 ,
  0.0000000E+00 ,
  0.0000000E+00 ,
  0.0000000E+00 ,
  0.0000000E+00 ,
  0.0000000E+00 ,
  0.0000000E+00 ,
  0.0000000E+00 ,
  0.0000000E+00 ,
  0.0000000E+00 ,
  0.0000000E+00 ,
  0.0000000E+00 ,
  0.0000000E+00 ,
  0.0000000E+00 ,
  0.0000000E+00 ,
  0.0000000E+00 ,
  0.0000000E+00 ,
  0.0000000E+00 ,
  0.0000000E+00 ,
  0.0000000E+00 ,
  0.0000000E+00 ,
  0.0000000E+00 ,
  0.0000000E+00 ,
  0.0000000E+00 ,
  0.0000000E+00 ,
  0.0000000E+00 ,
  0.0000000E+00 ,
  0.0000000E+00 ,
  0.0000000E+00 ,
  0.0000000E+00 ,
  0.0000000E+00 ,
  0.0000000E+00 ,
  0.0000000E+00 ,
  0.0000000E+00 ,
  0.0000000E+00 ,
  0.0000000E+00 ,
  0.0000000E+00 ,
  0.0000000E+00 ,
  0.0000000E+00 ,
  0.0000000E+00 ,
  0.0000000E+00 ,
  0.0000000E+00 ,
  0.0000000E+00 ,
  0.0000000E+00 ,
  0.0000000E+00 ,
  0.0000000E+00 ,
  0.0000000E+00 ,
  0.0000000E+00 ,
  0.0000000E+00 ,
  0.0000000E+00 ,
  0.0000000E+00 ,
  0.0000000E+00 ,
  0.0000000E+00 ,
  0.0000000E+00 ,
  0.0000000E+00 ,
  0.0000000E+00 ,
  0.0000000E+00 ,
  0.0000000E+00 ,
  0.0000000E+00 ,
  0.0000000E+00 ,
  0.0000000E+00 ,
  0.0000000E+00 ,
  0.0000000E+00 ,
  0.0000000E+00 ,
  0.0000000E+00 ,
  0.0000000E+00 ,
  0.0000000E+00 ,
  0.0000000E+00 ,
  0.0000000E+00 ,
  0.0000000E+00 ,
  0.0000000E+00 ,
  0.0000000E+00 ,
  0.0000000E+00 ,
  0.0000000E+00 ,
  0.0000000E+00 ,
  0.0000000E+00 ,
  0.0000000E+00 ,
  0.0000000E+00 ,
  0.0000000E+00 ,
  0.0000000E+00 ,
  0.0000000E+00 ,
  0.0000000E+00 ,
  0.0000000E+00 ,
  0.0000000E+00 ,
  0.0000000E+00 ,
  0.0000000E+00 ,
  0.0000000E+00 ,
  0.0000000E+00 ,
  0.0000000E+00 ,
  0.0000000E+00 ,
  0.0000000E+00 ,
  0.0000000E+00 ,
  0.0000000E+00 ,
  0.0000000E+00 ,
  0.0000000E+00 ,
  0.0000000E+00 ,
  0.0000000E+00 ,
  0.0000000E+00 ,
  0.0000000E+00 ,
  0.0000000E+00 ,
  0.0000000E+00 ,
  0.0000000E+00 ,
  0.0000000E+00 ,
  0.0000000E+00 ,
  0.0000000E+00 ,
  0.0000000E+00 ,
  0.0000000E+00 ,
  0.0000000E+00 ,
  0.0000000E+00 ,
  0.0000000E+00 ,
  0.0000000E+00 ,
  0.0000000E+00 ,
  0.0000000E+00 ,
  0.0000000E+00 ,
  0.0000000E+00 ,
  0.0000000E+00 ,
  0.0000000E+00 ,
  0.0000000E+00 ,
  0.0000000E+00 ,
  0.0000000E+00 ,
  0.0000000E+00 ,
  0.0000000E+00 ,
  0.0000000E+00 ,
  0.0000000E+00 ,
  0.0000000E+00 ,
  0.0000000E+00 ,
  0.0000000E+00 ,
  0.0000000E+00 ,
  0.0000000E+00 ,
  0.0000000E+00 ,
  0.0000000E+00 ,
  0.0000000E+00 ,
  0.0000000E+00 ,
  0.0000000E+00 ,
  0.0000000E+00 ,
  0.0000000E+00 ,
  0.0000000E+00 ,
  0.0000000E+00 ,
  0.0000000E+00 ,
  0.0000000E+00 ,
  0.0000000E+00 ,
  0.0000000E+00 ,
  0.0000000E+00 ,
  0.0000000E+00 ,
  0.0000000E+00 ,
  0.0000000E+00 ,
  0.0000000E+00 ,
  0.0000000E+00 ,
  0.0000000E+00 ,
  0.0000000E+00 ,
  0.0000000E+00 ,
  0.0000000E+00 ,
  0.0000000E+00 ,
  0.0000000E+00 ,
  0.0000000E+00 ,
  0.0000000E+00 ,
  0.0000000E+00 ,
  0.0000000E+00 ,
  0.0000000E+00 ,
  0.0000000E+00 ,
  0.0000000E+00 ,
  0.0000000E+00 ,
  0.0000000E+00 ,
  0.0000000E+00 ,
  0.0000000E+00 ,
  0.0000000E+00 ,
  0.0000000E+00 ,
  0.0000000E+00 ,
  0.0000000E+00 ,
  0.0000000E+00 ,
  0.0000000E+00 ,
  0.0000000E+00 ,
  0.0000000E+00 ,
  0.0000000E+00 ,
  0.0000000E+00 ,
  0.0000000E+00 ,
  0.0000000E+00 ,
  0.0000000E+00 ,
  0.0000000E+00 ,
  0.0000000E+00 ,
  0.0000000E+00 ,
  0.0000000E+00 ,
  0.0000000E+00 ,
  0.0000000E+00 ,
  0.0000000E+00 ,
  0.0000000E+00 ,
  0.0000000E+00 ,
  0.0000000E+00 ,
  0.0000000E+00 ,
  0.0000000E+00 ,
  0.0000000E+00 ,
  0.0000000E+00 ,
  0.0000000E+00 ,
  0.0000000E+00 ,
  0.0000000E+00 ,
  0.0000000E+00 ,
  0.0000000E+00 ,
  0.0000000E+00 ,
  0.0000000E+00 ,
  0.0000000E+00 ,
  0.0000000E+00 ,
  0.0000000E+00 ,
  0.0000000E+00 ,
  0.0000000E+00 ,
  0.0000000E+00 ,
  0.0000000E+00 ,
  0.0000000E+00 ,
  0.0000000E+00 ,
  0.0000000E+00 ,
  0.0000000E+00 ,
  0.0000000E+00 ,
  0.0000000E+00 ,
  0.0000000E+00 ,
  0.0000000E+00 ,
  0.0000000E+00 ,
  0.0000000E+00 ,
  0.0000000E+00 ,
  0.0000000E+00 ,
  0.0000000E+00 ,
  0.0000000E+00 ,
  0.0000000E+00 ,
  0.0000000E+00 ,
  0.0000000E+00 ,
  0.0000000E+00 ,
  0.0000000E+00 ,
  0.0000000E+00 ,
  0.0000000E+00 ,
  0.0000000E+00 ,
  0.0000000E+00 ,
  0.0000000E+00 ,
  0.0000000E+00 ,
  0.0000000E+00 ,
  0.0000000E+00 ,
  0.0000000E+00 ,
  0.0000000E+00 ,
  0.0000000E+00 ,
  0.0000000E+00 ,
  0.0000000E+00 ,
  0.0000000E+00 ,
  0.0000000E+00 ,
  0.0000000E+00 ,
  0.0000000E+00 ,
  0.0000000E+00 ,
  0.0000000E+00 ,
  0.0000000E+00 ,
  0.0000000E+00 ,
  0.0000000E+00 ,
  0.0000000E+00 ,
  0.0000000E+00 ,
  0.0000000E+00 ,
  0.0000000E+00 ,
  0.0000000E+00 ,
  0.0000000E+00 ,
  0.0000000E+00 ,
  0.0000000E+00 ,
  0.0000000E+00 ,
  0.0000000E+00 ,
  0.0000000E+00 ,
  0.0000000E+00 ,
  0.0000000E+00 ,
  0.0000000E+00 ,
  0.0000000E+00 ,
  0.0000000E+00 ,
  0.0000000E+00 ,
  0.0000000E+00 ,
  0.0000000E+00 ,
  0.0000000E+00 ,
  0.0000000E+00 ,
  0.0000000E+00 ,
  0.0000000E+00 ,
  0.0000000E+00 ,
  0.0000000E+00 ,
  0.0000000E+00 ,
  0.0000000E+00 ,
  0.0000000E+00 ,
  0.0000000E+00 ,
  0.0000000E+00 ,
  0.0000000E+00 ,
  0.0000000E+00 ,
  0.0000000E+00 ,
  0.0000000E+00 ,
  0.0000000E+00 ,
  0.0000000E+00 ,
  0.0000000E+00 ,
  0.0000000E+00 ,
  0.0000000E+00 ,
  0.0000000E+00 ,
  0.0000000E+00 ,
  0.0000000E+00 ,
  0.0000000E+00 ,
  0.0000000E+00 ,
  0.0000000E+00 ,
  0.0000000E+00 ,
  0.0000000E+00 ,
  0.0000000E+00 ,
  0.0000000E+00 ,
  0.0000000E+00 ,
  0.0000000E+00 ,
  0.0000000E+00 ,
  0.0000000E+00 ,
  0.0000000E+00 ,
  0.0000000E+00 ,
  0.0000000E+00 ,
  0.0000000E+00 ,
  0.0000000E+00 ,
  0.0000000E+00 ,
  0.0000000E+00 ,
  0.0000000E+00 ,
  0.0000000E+00 ,
  0.0000000E+00 ,
  0.0000000E+00 ,
  0.0000000E+00 ,
  0.0000000E+00 ,
  0.0000000E+00 ,
  0.0000000E+00 ,
  0.0000000E+00 ,
  0.0000000E+00 ,
  0.0000000E+00 ,
  0.0000000E+00 ,
  0.0000000E+00 ,
  0.0000000E+00 ,
  0.0000000E+00 ,
  0.0000000E+00 ,
  0.0000000E+00 ,
  0.0000000E+00 ,
  0.0000000E+00 ,
  0.0000000E+00 ,
  0.0000000E+00 ,
  0.0000000E+00 ,
  0.0000000E+00 ,
  0.0000000E+00 ,
  0.0000000E+00 ,
  0.0000000E+00 ,
  0.0000000E+00 ,
  0.0000000E+00 ,
  0.0000000E+00 ,
  0.0000000E+00 ,
  0.0000000E+00 ,
  0.0000000E+00 ,
  0.0000000E+00 ,
  0.0000000E+00 ,
  0.0000000E+00 ,
  0.0000000E+00 ,
  0.0000000E+00 ,
  0.0000000E+00 ,
  0.0000000E+00 ,
  0.0000000E+00 ,
  0.0000000E+00 ,
  0.0000000E+00 ,
  0.0000000E+00 ,
  0.0000000E+00 ,
  0.0000000E+00 ,
  0.0000000E+00 ,
  0.0000000E+00 ,
  0.0000000E+00 ,
  0.0000000E+00 ,
  0.0000000E+00 ,
  0.0000000E+00 ,
  0.0000000E+00 ,
  0.0000000E+00 ,
  0.0000000E+00 ,
  0.0000000E+00 ,
  0.0000000E+00 ,
  0.0000000E+00 ,
  0.0000000E+00 ,
  0.0000000E+00 ,
  0.0000000E+00 ,
  0.0000000E+00 ,
  0.0000000E+00 ,
  0.0000000E+00 ,
  0.0000000E+00 ,
  0.0000000E+00 ,
  0.0000000E+00 ,
  0.0000000E+00 ,
  0.0000000E+00 ,
  0.0000000E+00 ,
  0.0000000E+00 ,
  0.0000000E+00 ,
  0.0000000E+00 ,
  0.0000000E+00 ,
  0.0000000E+00 ,
  0.0000000E+00 ,
  0.0000000E+00 ,
  0.0000000E+00 ,
  0.0000000E+00 ,
  0.0000000E+00 ,
  0.0000000E+00 ,
  0.0000000E+00 ,
  0.0000000E+00 ,
  0.0000000E+00 ,
  0.0000000E+00 ,
  0.0000000E+00 ,
  0.0000000E+00 ,
  0.0000000E+00 ,
  0.0000000E+00 ,
  0.0000000E+00 ,
  0.0000000E+00 ,
  0.0000000E+00 ,
  0.0000000E+00 ,
  0.0000000E+00 ,
