  0.0000000E+00 ,
  0.0000000E+00 ,
  0.0000000E+00 ,
  0.0000000E+00 ,
  0.0000000E+00 ,
  0.0000000E+00 ,
  0.0000000E+00 ,
  0.0000000E+00 ,
  0.0000000E+00 ,
  0.0000000E+00 ,
  0.0000000E+00 ,
  0.0000000E+00 ,
  0.0000000E+00 ,
  0.0000000E+00 ,
  0.0000000E+00 ,
  0.0000000E+00 ,
  0.0000000E+00 ,
  0.0000000E+00 ,
  0.0000000E+00 ,
  0.0000000E+00 ,
  0.0000000E+00 ,
  0.0000000E+00 ,
  0.0000000E+00 ,
  0.0000000E+00 ,
  0.0000000E+00 ,
  0.0000000E+00 ,
  0.0000000E+00 ,
  0.0000000E+00 ,
  0.0000000E+00 ,
  0.0000000E+00 ,
  0.0000000E+00 ,
  0.0000000E+00 ,
  0.0000000E+00 ,
  0.0000000E+00 ,
  0.0000000E+00 ,
  0.0000000E+00 ,
  0.0000000E+00 ,
  0.0000000E+00 ,
  0.0000000E+00 ,
  0.0000000E+00 ,
  0.0000000E+00 ,
  0.0000000E+00 ,
  0.0000000E+00 ,
  0.0000000E+00 ,
  0.0000000E+00 ,
  0.0000000E+00 ,
  0.0000000E+00 ,
  0.0000000E+00 ,
  0.0000000E+00 ,
  0.0000000E+00 ,
  0.0000000E+00 ,
  0.0000000E+00 ,
  0.0000000E+00 ,
  0.0000000E+00 ,
  0.0000000E+00 ,
  0.0000000E+00 ,
  0.0000000E+00 ,
  0.0000000E+00 ,
  0.0000000E+00 ,
  0.0000000E+00 ,
  0.0000000E+00 ,
  0.0000000E+00 ,
  0.0000000E+00 ,
  0.0000000E+00 ,
  0.0000000E+00 ,
  0.0000000E+00 ,
  0.0000000E+00 ,
  0.0000000E+00 ,
  0.0000000E+00 ,
  0.0000000E+00 ,
  0.0000000E+00 ,
  0.0000000E+00 ,
  0.0000000E+00 ,
  0.0000000E+00 ,
  0.0000000E+00 ,
  0.0000000E+00 ,
  0.0000000E+00 ,
  0.0000000E+00 ,
  0.0000000E+00 ,
  0.0000000E+00 ,
  0.0000000E+00 ,
  0.0000000E+00 ,
  0.0000000E+00 ,
  0.0000000E+00 ,
  0.0000000E+00 ,
  0.0000000E+00 ,
  0.0000000E+00 ,
  0.0000000E+00 ,
  0.0000000E+00 ,
  0.0000000E+00 ,
  0.0000000E+00 ,
  0.0000000E+00 ,
  0.0000000E+00 ,
  0.0000000E+00 ,
  0.0000000E+00 ,
  0.0000000E+00 ,
  0.0000000E+00 ,
  0.0000000E+00 ,
  0.0000000E+00 ,
  0.0000000E+00 ,
  0.0000000E+00 ,
  0.0000000E+00 ,
  0.0000000E+00 ,
  0.0000000E+00 ,
  0.0000000E+00 ,
  0.0000000E+00 ,
  0.0000000E+00 ,
  0.0000000E+00 ,
  0.0000000E+00 ,
  0.0000000E+00 ,
  0.0000000E+00 ,
  0.0000000E+00 ,
  0.0000000E+00 ,
  0.0000000E+00 ,
  0.0000000E+00 ,
  0.0000000E+00 ,
  0.0000000E+00 ,
  0.0000000E+00 ,
  0.0000000E+00 ,
  0.0000000E+00 ,
  0.0000000E+00 ,
  0.0000000E+00 ,
  0.0000000E+00 ,
  0.0000000E+00 ,
  0.0000000E+00 ,
  0.0000000E+00 ,
  0.0000000E+00 ,
  0.0000000E+00 ,
  0.0000000E+00 ,
  0.0000000E+00 ,
  0.0000000E+00 ,
  0.0000000E+00 ,
  0.0000000E+00 ,
  0.0000000E+00 ,
  0.0000000E+00 ,
  0.0000000E+00 ,
  0.0000000E+00 ,
  0.0000000E+00 ,
  0.0000000E+00 ,
  0.0000000E+00 ,
  0.0000000E+00 ,
  0.0000000E+00 ,
  0.0000000E+00 ,
  0.0000000E+00 ,
  0.0000000E+00 ,
  0.0000000E+00 ,
  0.0000000E+00 ,
  0.0000000E+00 ,
  0.0000000E+00 ,
  0.0000000E+00 ,
  0.0000000E+00 ,
  0.0000000E+00 ,
  0.0000000E+00 ,
  0.0000000E+00 ,
  0.0000000E+00 ,
  0.0000000E+00 ,
  0.0000000E+00 ,
  0.0000000E+00 ,
  0.0000000E+00 ,
  0.0000000E+00 ,
  9.7384211E-03 ,
  7.7066131E-02 ,
  0.1485552     ,
  0.2243234     ,
  0.3044883     ,
  0.3891676     ,
  0.4784791     ,
  0.5725402     ,
  0.6714687     ,
  0.7753824     ,
  0.8843988     ,
  0.9986356     ,
   1.118211     ,
   1.243235     ,
   1.373747     ,
   1.509737     ,
   1.651192     ,
   1.798102     ,
   1.950455     ,
   2.108239     ,
   2.271443     ,
   2.440057     ,
   2.614067     ,
   2.793464     ,
   2.978235     ,
   3.168370     ,
   3.363857     ,
   3.564683     ,
   3.770839     ,
   3.982313     ,
   4.199093     ,
   4.421167     ,
   4.648526     ,
   4.881156     ,
   5.119048     ,
   5.362187     ,
   5.610566     ,
   5.864171     ,
   6.122991     ,
   6.387014     ,
   6.656230     ,
   6.930626     ,
   7.210193     ,
   7.494917     ,
   7.784819     ,
   8.079970     ,
   8.380450     ,
   8.686338     ,
   8.997712     ,
   9.314651     ,
   9.637236     ,
   9.965543     ,
   10.29965     ,
   10.63964     ,
   10.98559     ,
   11.33758     ,
   11.69569     ,
   12.05999     ,
   12.43057     ,
   12.80750     ,
   13.19086     ,
   13.58074     ,
   13.97721     ,
   14.38035     ,
   14.79024     ,
   15.20695     ,
   15.63057     ,
   16.06118     ,
   16.49885     ,
   16.94366     ,
   17.39570     ,
   17.85498     ,
   18.32143     ,
   18.79495     ,
   19.27546     ,
   19.76287     ,
   20.25708     ,
   20.75802     ,
   21.26559     ,
   21.77970     ,
   22.30026     ,
   22.82719     ,
   23.36040     ,
   23.89978     ,
   24.44527     ,
   24.99677     ,
   25.55418     ,
   26.11742     ,
   26.68640     ,
   27.26104     ,
   27.84124     ,
   28.42691     ,
   29.01797     ,
   29.61432     ,
   30.21588     ,
   30.82255     ,
   31.43414     ,
   32.05043     ,
   32.67117     ,
   33.29612     ,
   33.92506     ,
   34.55774     ,
   35.19394     ,
   35.83340     ,
   36.47589     ,
   37.12119     ,
   37.76905     ,
   38.41922     ,
   39.07150     ,
   39.72562     ,
   40.38135     ,
   41.03847     ,
   41.69672     ,
   42.35589     ,
   43.01572     ,
   43.67598     ,
   44.33644     ,
   44.99686     ,
   45.65700     ,
   46.31664     ,
   46.97553     ,
   47.63346     ,
   48.29019     ,
   48.94549     ,
   49.59913     ,
   50.25089     ,
   50.90053     ,
   51.54781     ,
   52.19252     ,
   52.83442     ,
   53.47328     ,
   54.10888     ,
   54.74097     ,
   55.36933     ,
   55.99373     ,
   56.61395     ,
   57.22974     ,
   57.84089     ,
   58.44715     ,
   59.04831     ,
   59.64420     ,
   60.23470     ,
   60.81967     ,
   61.39900     ,
   61.97255     ,
   62.54021     ,
   63.10184     ,
   63.65731     ,
   64.20650     ,
   64.74929     ,
   65.28555     ,
   65.81514     ,
   66.33796     ,
   66.85385     ,
   67.36271     ,
   67.86440     ,
   68.35880     ,
   68.84579     ,
   69.32523     ,
   69.79700     ,
   70.26105     ,
   70.71738     ,
   71.16602     ,
   71.60694     ,
   72.04016     ,
   72.46569     ,
   72.88353     ,
   73.29368     ,
   73.69614     ,
   74.09093     ,
   74.47805     ,
   74.85750     ,
   75.22928     ,
   75.59341     ,
   75.94987     ,
   76.29868     ,
   76.63985     ,
   76.97339     ,
   77.29928     ,
   77.61759     ,
   77.92844     ,
   78.23192     ,
   78.52814     ,
   78.81721     ,
   79.09924     ,
   79.37434     ,
   79.64260     ,
   79.90415     ,
   80.15909     ,
   80.40753     ,
   80.64956     ,
   80.88531     ,
   81.11488     ,
   81.33838     ,
   81.55591     ,
   81.76758     ,
   81.97350     ,
   82.17377     ,
   82.36845     ,
   82.55766     ,
   82.74144     ,
   82.91988     ,
   83.09307     ,
   83.26108     ,
   83.42399     ,
   83.58187     ,
   83.73482     ,
   83.88290     ,
   84.02619     ,
   84.16478     ,
   84.29874     ,
   84.42816     ,
   84.55310     ,
   84.67366     ,
   84.78990     ,
   84.90197     ,
   85.00996     ,
   85.11401     ,
   85.21427     ,
   85.31084     ,
   85.40385     ,
   85.49342     ,
   85.57970     ,
   85.66280     ,
   85.74284     ,
   85.81996     ,
   85.89428     ,
   85.96593     ,
   86.03503     ,
   86.10171     ,
   86.16611     ,
   86.22829     ,
   86.28826     ,
   86.34598     ,
   86.40142     ,
   86.45455     ,
   86.50535     ,
   86.55377     ,
   86.59981     ,
   86.64340     ,
   86.68455     ,
   86.72319     ,
   86.75933     ,
   86.79291     ,
   86.82392     ,
   86.85230     ,
   86.87806     ,
   86.90115     ,
   86.92161     ,
   86.93948     ,
   86.95480     ,
   86.96761     ,
   86.97796     ,
   86.98589     ,
   86.99143     ,
   86.99464     ,
   86.99555     ,
   86.99421     ,
   86.99065     ,
   86.98493     ,
   86.97709     ,
   86.96715     ,
   86.95517     ,
   86.94118     ,
   86.92519     ,
   86.90723     ,
   86.88728     ,
   86.86539     ,
   86.84155     ,
   86.81577     ,
   86.78806     ,
   86.75845     ,
   86.72695     ,
   86.69356     ,
   86.65829     ,
   86.62115     ,
   86.58218     ,
   86.54137     ,
   86.49874     ,
   86.45437     ,
   86.40830     ,
   86.36063     ,
   86.31142     ,
   86.26075     ,
   86.20869     ,
   86.15530     ,
   86.10067     ,
   86.04486     ,
   85.98795     ,
   85.93002     ,
   85.87112     ,
   85.81134     ,
   85.75074     ,
   85.68943     ,
   85.62756     ,
   85.56529     ,
   85.50278     ,
   85.44020     ,
   85.37772     ,
   85.31549     ,
   85.25368     ,
   85.19245     ,
   85.13197     ,
   85.07240     ,
   85.01390     ,
   84.95664     ,
   84.90079     ,
   84.84649     ,
   84.79382     ,
   84.74277     ,
   84.69336     ,
   84.64559     ,
   84.59947     ,
   84.55501     ,
   84.51221     ,
   84.47105     ,
   84.43158     ,
   84.39378     ,
   84.35767     ,
   84.32323     ,
   84.29049     ,
   84.25945     ,
   84.23006     ,
   84.20230     ,
   84.17611     ,
   84.15143     ,
   84.12820     ,
   84.10637     ,
   84.08590     ,
   84.06673     ,
   84.04879     ,
   84.03206     ,
   84.01646     ,
   84.00195     ,
   83.98847     ,
   83.97597     ,
   83.96437     ,
   83.95358     ,
   83.94353     ,
   83.93409     ,
   83.92521     ,
   83.91679     ,
   83.90874     ,
   83.90097     ,
   83.89340     ,
   83.88595     ,
   83.87849     ,
   83.87099     ,
   83.86331     ,
   83.85542     ,
   83.84727     ,
   83.83885     ,
   83.83015     ,
   83.82116     ,
   83.81186     ,
   83.80222     ,
   83.79222     ,
   83.78187     ,
   83.77114     ,
   83.76001     ,
   83.74847     ,
   83.73650     ,
   83.72408     ,
   83.71123     ,
   83.69795     ,
   83.68426     ,
   83.67017     ,
   83.65569     ,
   83.64082     ,
   83.62558     ,
   83.60998     ,
   83.59402     ,
   83.57774     ,
   83.56112     ,
   83.54419     ,
   83.52695     ,
   83.50938     ,
   83.49152     ,
   83.47333     ,
   83.45480     ,
   83.43595     ,
   83.41676     ,
   83.39722     ,
   83.37735     ,
   83.35711     ,
   83.33652     ,
   83.31556     ,
   83.29424     ,
   83.27254     ,
   83.25050     ,
   83.22813     ,
   83.20546     ,
   83.18250     ,
   83.15929     ,
   83.13584     ,
   83.11217     ,
   83.08830     ,
   83.06425     ,
   83.04007     ,
   83.01574     ,
   82.99130     ,
   82.96674     ,
   82.94205     ,
   82.91716     ,
   82.89207     ,
   82.86674     ,
   82.84115     ,
   82.81525     ,
   82.78902     ,
   82.76244     ,
   82.73547     ,
   82.70808     ,
   82.68024     ,
   82.65190     ,
   82.62294     ,
   82.59325     ,
   82.56272     ,
   82.53123     ,
   82.49866     ,
   82.46490     ,
   82.42982     ,
   82.39333     ,
   82.35529     ,
   82.31558     ,
   82.27409     ,
   82.23073     ,
   82.18532     ,
   82.13775     ,
   82.08788     ,
   82.03558     ,
   81.98071     ,
   81.92313     ,
   81.86270     ,
   81.79931     ,
   81.73279     ,
   81.66302     ,
   81.58987     ,
   81.51324     ,
   81.43311     ,
   81.34953     ,
   81.26251     ,
   81.17213     ,
   81.07837     ,
   80.98131     ,
   80.88095     ,
   80.77734     ,
   80.67051     ,
   80.56049     ,
   80.44732     ,
   80.33108     ,
   80.21198     ,
   80.09026     ,
   79.96613     ,
   79.83982     ,
   79.71156     ,
   79.58157     ,
   79.45007     ,
   79.31731     ,
   79.18349     ,
   79.04884     ,
   78.91360     ,
   78.77797     ,
   78.64214     ,
   78.50631     ,
   78.37066     ,
   78.23540     ,
   78.10072     ,
   77.96681     ,
   77.83386     ,
   77.70206     ,
   77.57162     ,
   77.44271     ,
   77.31553     ,
   77.19018     ,
   77.06673     ,
   76.94531     ,
   76.82599     ,
   76.70888     ,
   76.59405     ,
   76.48160     ,
   76.37163     ,
   76.26422     ,
   76.15948     ,
   76.05750     ,
   75.95832     ,
   75.86198     ,
   75.76852     ,
   75.67797     ,
   75.59035     ,
   75.50572     ,
   75.42408     ,
   75.34549     ,
   75.26996     ,
   75.19754     ,
   75.12826     ,
   75.06211     ,
   74.99908     ,
   74.93910     ,
   74.88215     ,
   74.82818     ,
   74.77715     ,
   74.72903     ,
   74.68376     ,
   74.64132     ,
   74.60165     ,
   74.56472     ,
   74.53049     ,
   74.49892     ,
   74.46996     ,
   74.44357     ,
   74.41973     ,
   74.39838     ,
   74.37949     ,
   74.36303     ,
   74.34894     ,
   74.33718     ,
   74.32773     ,
   74.32050     ,
   74.31540     ,
   74.31226     ,
   74.31097     ,
   74.31137     ,
   74.31335     ,
   74.31676     ,
   74.32146     ,
   74.32733     ,
   74.33423     ,
   74.34202     ,
   74.35056     ,
   74.35973     ,
   74.36937     ,
   74.37937     ,
   74.38958     ,
   74.39986     ,
   74.41010     ,
   74.42014     ,
   74.42986     ,
   74.43910     ,
   74.44779     ,
   74.45591     ,
   74.46344     ,
   74.47038     ,
   74.47674     ,
   74.48249     ,
   74.48764     ,
   74.49218     ,
   74.49610     ,
   74.49940     ,
   74.50206     ,
   74.50409     ,
   74.50548     ,
   74.50622     ,
   74.50629     ,
   74.50572     ,
   74.50448     ,
   74.50256     ,
   74.49996     ,
   74.49669     ,
   74.49271     ,
   74.48804     ,
   74.48267     ,
   74.47659     ,
   74.46979     ,
   74.46227     ,
   74.45403     ,
   74.44505     ,
   74.43533     ,
   74.42486     ,
   74.41364     ,
   74.40166     ,
   74.38892     ,
   74.37540     ,
   74.36111     ,
   74.34605     ,
   74.33018     ,
   74.31352     ,
   74.29607     ,
   74.27779     ,
   74.25871     ,
   74.23882     ,
   74.21809     ,
   74.19654     ,
   74.17414     ,
   74.15090     ,
   74.12682     ,
   74.10188     ,
   74.07607     ,
   74.04939     ,
   74.02184     ,
   73.99341     ,
   73.96409     ,
   73.93388     ,
   73.90276     ,
   73.87075     ,
   73.83782     ,
   73.80398     ,
   73.76921     ,
   73.73351     ,
   73.69688     ,
   73.65930     ,
   73.62078     ,
   73.58130     ,
   73.54086     ,
   73.49946     ,
   73.45708     ,
   73.41373     ,
   73.36938     ,
   73.32405     ,
   73.27773     ,
   73.23039     ,
   73.18205     ,
   73.13270     ,
   73.08233     ,
   73.03092     ,
   72.97849     ,
   72.92500     ,
   72.87048     ,
   72.81490     ,
   72.75827     ,
   72.70058     ,
   72.64181     ,
   72.58195     ,
   72.52103     ,
   72.45901     ,
   72.39590     ,
   72.33169     ,
   72.26637     ,
   72.19994     ,
   72.13239     ,
   72.06371     ,
   71.99390     ,
   71.92296     ,
   71.85087     ,
   71.77766     ,
   71.70339     ,
   71.62814     ,
   71.55199     ,
   71.47502     ,
   71.39729     ,
   71.31889     ,
   71.23988     ,
   71.16034     ,
   71.08035     ,
   70.99998     ,
   70.91931     ,
   70.83842     ,
   70.75736     ,
   70.67624     ,
   70.59510     ,
   70.51405     ,
   70.43314     ,
   70.35245     ,
   70.27206     ,
   70.19205     ,
   70.11248     ,
   70.03344     ,
   69.95499     ,
   69.87721     ,
   69.80020     ,
   69.72399     ,
   69.64869     ,
   69.57436     ,
   69.50108     ,
   69.42892     ,
   69.35798     ,
   69.28829     ,
   69.21996     ,
   69.15305     ,
   69.08760     ,
   69.02359     ,
   68.96098     ,
   68.89974     ,
   68.83985     ,
   68.78126     ,
   68.72393     ,
   68.66785     ,
   68.61297     ,
   68.55927     ,
   68.50670     ,
   68.45524     ,
   68.40485     ,
   68.35551     ,
   68.30717     ,
   68.25981     ,
   68.21339     ,
   68.16788     ,
   68.12325     ,
   68.07947     ,
   68.03648     ,
   67.99428     ,
   67.95282     ,
   67.91207     ,
   67.87200     ,
   67.83258     ,
   67.79377     ,
   67.75554     ,
   67.71786     ,
   67.68069     ,
   67.64399     ,
   67.60775     ,
   67.57192     ,
   67.53648     ,
   67.50138     ,
   67.46659     ,
   67.43210     ,
   67.39785     ,
   67.36382     ,
   67.32996     ,
   67.29627     ,
   67.26270     ,
   67.22919     ,
   67.19576     ,
   67.16234     ,
   67.12890     ,
   67.09541     ,
   67.06185     ,
   67.02818     ,
   66.99435     ,
   66.96036     ,
   66.92615     ,
   66.89169     ,
   66.85696     ,
   66.82191     ,
   66.78654     ,
   66.75085     ,
   66.71484     ,
   66.67852     ,
   66.64190     ,
   66.60499     ,
   66.56779     ,
   66.53033     ,
   66.49258     ,
   66.45459     ,
   66.41634     ,
   66.37785     ,
   66.33912     ,
   66.30017     ,
   66.26099     ,
   66.22160     ,
   66.18200     ,
   66.14222     ,
   66.10223     ,
   66.06208     ,
   66.02175     ,
   65.98125     ,
   65.94061     ,
   65.89980     ,
   65.85886     ,
   65.81778     ,
   65.77659     ,
   65.73527     ,
   65.69384     ,
   65.65232     ,
   65.61070     ,
   65.56899     ,
   65.52721     ,
   65.48536     ,
   65.44345     ,
   65.40148     ,
   65.35947     ,
   65.31742     ,
   65.27534     ,
   65.23325     ,
   65.19112     ,
   65.14901     ,
   65.10689     ,
   65.06479     ,
   65.02270     ,
   64.98064     ,
   64.93861     ,
   64.89662     ,
   64.85468     ,
   64.81281     ,
   64.77099     ,
   64.72925     ,
   64.68759     ,
   64.64603     ,
   64.60456     ,
   64.56319     ,
   64.52194     ,
   64.48080     ,
   64.43980     ,
   64.39894     ,
   64.35822     ,
   64.31766     ,
   64.27725     ,
   64.23701     ,
   64.19696     ,
   64.15708     ,
   64.11740     ,
   64.07792     ,
   64.03865     ,
   63.99959     ,
   63.96077     ,
   63.92216     ,
   63.88381     ,
   63.84570     ,
   63.80785     ,
   63.77026     ,
   63.73294     ,
   63.69591     ,
   63.65916     ,
   63.62271     ,
   63.58656     ,
   63.55072     ,
   63.51521     ,
   63.48003     ,
   63.44517     ,
   63.41066     ,
   63.37651     ,
   63.34271     ,
   63.30928     ,
   63.27622     ,
   63.24355     ,
   63.21128     ,
   63.17940     ,
   63.14793     ,
   63.11687     ,
   63.08624     ,
   63.05603     ,
   63.02626     ,
   62.99694     ,
   62.96808     ,
   62.93969     ,
   62.91175     ,
   62.88431     ,
   62.85734     ,
   62.83083     ,
   62.80478     ,
   62.77917     ,
   62.75397     ,
   62.72920     ,
   62.70482     ,
   62.68082     ,
   62.65721     ,
   62.63394     ,
   62.61102     ,
   62.58843     ,
   62.56615     ,
   62.54419     ,
   62.52251     ,
   62.50110     ,
   62.47996     ,
   62.45907     ,
   62.43841     ,
   62.41798     ,
   62.39775     ,
   62.37772     ,
   62.35788     ,
   62.33820     ,
   62.31867     ,
   62.29928     ,
   62.28003     ,
   62.26088     ,
   62.24183     ,
   62.22288     ,
   62.20399     ,
   62.18517     ,
   62.16639     ,
   62.14764     ,
   62.12891     ,
   62.11018     ,
   62.09145     ,
   62.07270     ,
   62.05391     ,
   62.03507     ,
   62.01617     ,
   61.99719     ,
   61.97813     ,
   61.95896     ,
   61.93967     ,
   61.92025     ,
   61.90070     ,
   61.88098     ,
   61.86109     ,
   61.84101     ,
   61.82075     ,
   61.80026     ,
   61.77956     ,
   61.75861     ,
   61.73744     ,
   61.71602     ,
   61.69437     ,
   61.67248     ,
   61.65036     ,
   61.62799     ,
   61.60537     ,
   61.58252     ,
   61.55943     ,
   61.53609     ,
   61.51251     ,
   61.48868     ,
   61.46461     ,
   61.44028     ,
   61.41571     ,
   61.39089     ,
   61.36582     ,
   61.34049     ,
   61.31491     ,
   61.28908     ,
   61.26300     ,
   61.23666     ,
   61.21006     ,
   61.18321     ,
   61.15610     ,
   61.12873     ,
   61.10109     ,
   61.07320     ,
   61.04505     ,
   61.01663     ,
   60.98795     ,
   60.95900     ,
   60.92979     ,
   60.90031     ,
   60.87056     ,
   60.84054     ,
   60.81026     ,
   60.77970     ,
   60.74887     ,
   60.71777     ,
   60.68639     ,
   60.65474     ,
   60.62282     ,
   60.59062     ,
   60.55814     ,
   60.52538     ,
   60.49234     ,
   60.45903     ,
   60.42543     ,
   60.39155     ,
   60.35740     ,
   60.32298     ,
   60.28830     ,
   60.25336     ,
   60.21818     ,
   60.18275     ,
   60.14708     ,
   60.11118     ,
   60.07505     ,
   60.03870     ,
   60.00214     ,
   59.96537     ,
   59.92841     ,
   59.89124     ,
   59.85389     ,
   59.81635     ,
   59.77863     ,
   59.74073     ,
   59.70268     ,
   59.66446     ,
   59.62609     ,
   59.58757     ,
   59.54891     ,
   59.51011     ,
   59.47119     ,
   59.43213     ,
   59.39296     ,
   59.35368     ,
   59.31429     ,
   59.27480     ,
   59.23521     ,
   59.19555     ,
   59.15579     ,
   59.11596     ,
   59.07606     ,
   59.03609     ,
   58.99606     ,
   58.95599     ,
   58.91586     ,
   58.87570     ,
   58.83550     ,
   58.79527     ,
   58.75502     ,
   58.71475     ,
   58.67447     ,
   58.63419     ,
   58.59391     ,
   58.55363     ,
   58.51338     ,
   58.47313     ,
   58.43292     ,
   58.39273     ,
   58.35258     ,
   58.31248     ,
   58.27242     ,
   58.23242     ,
   58.19248     ,
   58.15260     ,
   58.11280     ,
   58.07309     ,
   58.03345     ,
   57.99390     ,
   57.95445     ,
   57.91511     ,
   57.87587     ,
   57.83675     ,
   57.79774     ,
   57.75887     ,
   57.72013     ,
   57.68153     ,
   57.64307     ,
   57.60476     ,
   57.56661     ,
   57.52862     ,
   57.49080     ,
   57.45316     ,
   57.41569     ,
   57.37841     ,
   57.34133     ,
   57.30444     ,
   57.26775     ,
   57.23129     ,
   57.19503     ,
   57.15900     ,
   57.12319     ,
   57.08762     ,
   57.05229     ,
   57.01720     ,
   56.98237     ,
   56.94780     ,
   56.91349     ,
   56.87945     ,
   56.84569     ,
   56.81221     ,
   56.77901     ,
   56.74612     ,
   56.71352     ,
   56.68123     ,
   56.64925     ,
   56.61759     ,
   56.58625     ,
   56.55524     ,
   56.52457     ,
   56.49424     ,
   56.46426     ,
   56.43463     ,
   56.40534     ,
   56.37640     ,
   56.34781     ,
   56.31955     ,
   56.29164     ,
   56.26406     ,
   56.23681     ,
   56.20989     ,
   56.18330     ,
   56.15704     ,
   56.13110     ,
   56.10548     ,
   56.08018     ,
   56.05519     ,
   56.03052     ,
   56.00616     ,
   55.98211     ,
   55.95836     ,
   55.93491     ,
   55.91177     ,
   55.88892     ,
   55.86637     ,
   55.84412     ,
   55.82215     ,
   55.80048     ,
   55.77908     ,
   55.75797     ,
   55.73714     ,
   55.71659     ,
   55.69632     ,
   55.67632     ,
   55.65659     ,
   55.63713     ,
   55.61794     ,
   55.59900     ,
   55.58033     ,
   55.56192     ,
   55.54377     ,
   55.52586     ,
   55.50821     ,
   55.49080     ,
   55.47364     ,
   55.45673     ,
   55.44006     ,
   55.42362     ,
   55.40742     ,
   55.39145     ,
   55.37572     ,
   55.36021     ,
   55.34491     ,
   55.32981     ,
   55.31491     ,
   55.30017     ,
   55.28561     ,
   55.27121     ,
   55.25694     ,
   55.24281     ,
   55.22880     ,
   55.21489     ,
   55.20109     ,
   55.18736     ,
   55.17371     ,
   55.16013     ,
   55.14659     ,
   55.13309     ,
   55.11962     ,
   55.10616     ,
   55.09271     ,
   55.07925     ,
   55.06577     ,
   55.05226     ,
   55.03870     ,
   55.02509     ,
   55.01142     ,
   54.99767     ,
   54.98382     ,
   54.96988     ,
   54.95582     ,
   54.94164     ,
   54.92732     ,
   54.91285     ,
   54.89823     ,
   54.88343     ,
   54.86846     ,
   54.85329     ,
   54.83791     ,
   54.82232     ,
   54.80649     ,
   54.79042     ,
   54.77411     ,
   54.75752     ,
   54.74067     ,
   54.72353     ,
   54.70612     ,
   54.68844     ,
   54.67049     ,
   54.65229     ,
   54.63383     ,
   54.61513     ,
   54.59618     ,
   54.57699     ,
   54.55757     ,
   54.53793     ,
   54.51806     ,
   54.49797     ,
   54.47768     ,
   54.45718     ,
   54.43647     ,
   54.41557     ,
   54.39449     ,
   54.37321     ,
   54.35175     ,
   54.33012     ,
   54.30833     ,
   54.28637     ,
   54.26425     ,
   54.24197     ,
   54.21955     ,
   54.19699     ,
   54.17429     ,
   54.15145     ,
   54.12849     ,
   54.10540     ,
   54.08221     ,
   54.05890     ,
   54.03548     ,
   54.01196     ,
   53.98835     ,
   53.96465     ,
   53.94086     ,
   53.91700     ,
   53.89305     ,
   53.86905     ,
   53.84497     ,
   53.82084     ,
   53.79666     ,
   53.77242     ,
   53.74815     ,
   53.72384     ,
   53.69949     ,
   53.67512     ,
   53.65073     ,
   53.62632     ,
   53.60190     ,
   53.57748     ,
   53.55305     ,
   53.52863     ,
   53.50422     ,
   53.47983     ,
   53.45545     ,
   53.43111     ,
   53.40679     ,
   53.38251     ,
   53.35828     ,
   53.33408     ,
   53.30995     ,
   53.28587     ,
   53.26185     ,
   53.23790     ,
   53.21402     ,
   53.19023     ,
   53.16652     ,
   53.14289     ,
   53.11937     ,
   53.09594     ,
   53.07262     ,
   53.04940     ,
   53.02631     ,
   53.00333     ,
   52.98048     ,
   52.95777     ,
   52.93519     ,
   52.91275     ,
   52.89046     ,
   52.86832     ,
   52.84634     ,
   52.82452     ,
   52.80288     ,
   52.78140     ,
   52.76011     ,
   52.73900     ,
   52.71808     ,
   52.69735     ,
   52.67683     ,
   52.65651     ,
   52.63639     ,
   52.61650     ,
   52.59683     ,
   52.57738     ,
   52.55814     ,
   52.53912     ,
   52.52029     ,
   52.50166     ,
   52.48322     ,
   52.46496     ,
   52.44687     ,
   52.42896     ,
   52.41121     ,
   52.39361     ,
   52.37616     ,
   52.35886     ,
   52.34169     ,
   52.32466     ,
   52.30774     ,
   52.29095     ,
   52.27427     ,
   52.25769     ,
   52.24120     ,
   52.22481     ,
   52.20850     ,
   52.19228     ,
   52.17612     ,
   52.16003     ,
   52.14400     ,
   52.12802     ,
   52.11209     ,
   52.09619     ,
   52.08033     ,
   52.06450     ,
   52.04868     ,
   52.03288     ,
   52.01708     ,
   52.00129     ,
   51.98549     ,
   51.96967     ,
   51.95384     ,
   51.93798     ,
   51.92208     ,
   51.90615     ,
   51.89018     ,
   51.87415     ,
   51.85807     ,
   51.84192     ,
   51.82570     ,
   51.80940     ,
   51.79302     ,
   51.77654     ,
   51.75997     ,
   51.74330     ,
   51.72652     ,
   51.70963     ,
   51.69263     ,
   51.67552     ,
   51.65829     ,
   51.64096     ,
   51.62351     ,
   51.60595     ,
   51.58827     ,
   51.57047     ,
   51.55255     ,
   51.53452     ,
   51.51636     ,
   51.49808     ,
   51.47968     ,
   51.46115     ,
   51.44251     ,
   51.42373     ,
   51.40483     ,
   51.38580     ,
   51.36664     ,
   51.34735     ,
   51.32793     ,
   51.30838     ,
   51.28869     ,
   51.26887     ,
   51.24892     ,
   51.22882     ,
   51.20859     ,
   51.18822     ,
   51.16771     ,
   51.14706     ,
   51.12626     ,
   51.10533     ,
   51.08425     ,
   51.06302     ,
   51.04165     ,
   51.02013     ,
   50.99846     ,
   50.97665     ,
   50.95468     ,
   50.93256     ,
   50.91028     ,
   50.88786     ,
   50.86527     ,
   50.84253     ,
   50.81964     ,
   50.79659     ,
   50.77338     ,
   50.75000     ,
   50.72647     ,
   50.70277     ,
   50.67891     ,
   50.65488     ,
   50.63069     ,
   50.60633     ,
   50.58180     ,
   50.55711     ,
   50.53225     ,
   50.50721     ,
   50.48202     ,
   50.45666     ,
   50.43115     ,
   50.40548     ,
   50.37965     ,
   50.35367     ,
   50.32754     ,
   50.30127     ,
   50.27485     ,
   50.24828     ,
   50.22158     ,
   50.19474     ,
   50.16776     ,
   50.14064     ,
   50.11340     ,
   50.08603     ,
   50.05853     ,
   50.03091     ,
   50.00316     ,
   49.97530     ,
   49.94732     ,
   49.91922     ,
   49.89101     ,
   49.86269     ,
   49.83426     ,
   49.80573     ,
   49.77709     ,
   49.74835     ,
   49.71951     ,
   49.69058     ,
   49.66155     ,
   49.63243     ,
   49.60322     ,
   49.57393     ,
   49.54454     ,
   49.51508     ,
   49.48554     ,
   49.45591     ,
   49.42622     ,
   49.39645     ,
   49.36661     ,
   49.33670     ,
   49.30672     ,
   49.27668     ,
   49.24658     ,
   49.21642     ,
   49.18620     ,
   49.15593     ,
   49.12560     ,
   49.09523     ,
   49.06481     ,
   49.03434     ,
   49.00383     ,
   48.97328     ,
   48.94269     ,
   48.91206     ,
   48.88140     ,
   48.85072     ,
   48.82000     ,
   48.78925     ,
   48.75848     ,
   48.72769     ,
   48.69687     ,
   48.66605     ,
   48.63520     ,
   48.60434     ,
   48.57347     ,
   48.54259     ,
   48.51171     ,
   48.48083     ,
   48.44994     ,
   48.41906     ,
   48.38817     ,
   48.35730     ,
   48.32643     ,
   48.29557     ,
   48.26472     ,
   48.23389     ,
   48.20308     ,
   48.17229     ,
   48.14152     ,
   48.11077     ,
   48.08005     ,
   48.04936     ,
   48.01870     ,
   47.98808     ,
   47.95749     ,
   47.92693     ,
   47.89642     ,
   47.86595     ,
   47.83553     ,
   47.80516     ,
   47.77483     ,
   47.74455     ,
   47.71432     ,
   47.68414     ,
   47.65401     ,
   47.62393     ,
   47.59389     ,
   47.56391     ,
   47.53397     ,
   47.50408     ,
   47.47424     ,
   47.44444     ,
   47.41470     ,
   47.38500     ,
   47.35535     ,
   47.32575     ,
   47.29620     ,
   47.26670     ,
   47.23724     ,
   47.20783     ,
   47.17847     ,
   47.14916     ,
   47.11990     ,
   47.09068     ,
   47.06151     ,
   47.03239     ,
   47.00332     ,
   46.97429     ,
   46.94532     ,
   46.91639     ,
   46.88750     ,
   46.85867     ,
   46.82988     ,
   46.80114     ,
   46.77245     ,
   46.74380     ,
   46.71521     ,
   46.68666     ,
   46.65815     ,
   46.62970     ,
   46.60129     ,
   46.57293     ,
   46.54462     ,
   46.51635     ,
   46.48813     ,
   46.45996     ,
   46.43184     ,
   46.40376     ,
   46.37572     ,
   46.34774     ,
   46.31981     ,
   46.29191     ,
   46.26407     ,
   46.23627     ,
   46.20852     ,
   46.18082     ,
   46.15316     ,
   46.12555     ,
   46.09799     ,
   46.07048     ,
   46.04300     ,
   46.01558     ,
   45.98820     ,
   45.96087     ,
   45.93359     ,
   45.90635     ,
   45.87916     ,
   45.85201     ,
   45.82492     ,
   45.79786     ,
   45.77085     ,
   45.74389     ,
   45.71698     ,
   45.69011     ,
   45.66329     ,
   45.63651     ,
   45.60978     ,
   45.58310     ,
   45.55646     ,
   45.52987     ,
   45.50332     ,
   45.47682     ,
   45.45037     ,
   45.42395     ,
   45.39759     ,
   45.37128     ,
   45.34500     ,
   45.31878     ,
   45.29259     ,
   45.26646     ,
   45.24037     ,
   45.21432     ,
   45.18833     ,
   45.16237     ,
   45.13646     ,
   45.11060     ,
   45.08478     ,
   45.05901     ,
   45.03328     ,
   45.00760     ,
   44.98196     ,
   44.95637     ,
   44.93082     ,
   44.90532     ,
   44.87986     ,
   44.85445     ,
   44.82908     ,
   44.80376     ,
   44.77848     ,
   44.75325     ,
   44.72806     ,
   44.70292     ,
   44.67782     ,
   44.65277     ,
   44.62775     ,
   44.60279     ,
   44.57787     ,
   44.55300     ,
   44.52816     ,
   44.50338     ,
   44.47864     ,
   44.45394     ,
   44.42929     ,
   44.40468     ,
   44.38011     ,
   44.35559     ,
   44.33112     ,
   44.30668     ,
   44.28230     ,
   44.25795     ,
   44.23365     ,
   44.20940     ,
   44.18518     ,
   44.16101     ,
   44.13689     ,
   44.11281     ,
   44.08877     ,
   44.06478     ,
   44.04083     ,
   44.01693     ,
   43.99306     ,
   43.96925     ,
   43.94547     ,
   43.92174     ,
   43.89805     ,
   43.87441     ,
   43.85081     ,
   43.82726     ,
   43.80375     ,
   43.78027     ,
   43.75685     ,
   43.73346     ,
   43.71012     ,
   43.68682     ,
   43.66357     ,
   43.64037     ,
   43.61720     ,
   43.59407     ,
   43.57099     ,
   43.54795     ,
   43.52496     ,
   43.50201     ,
   43.47910     ,
   43.45623     ,
   43.43341     ,
   43.41063     ,
   43.38789     ,
   43.36520     ,
   43.34254     ,
   43.31993     ,
   43.29737     ,
   43.27484     ,
   43.25236     ,
   43.22992     ,
   43.20753     ,
   43.18517     ,
   43.16286     ,
   43.14059     ,
   43.11836     ,
   43.09618     ,
   43.07404     ,
   43.05194     ,
   43.02987     ,
   43.00786     ,
   42.98589     ,
   42.96395     ,
   42.94207     ,
   42.92022     ,
   42.89841     ,
   42.87664     ,
   42.85493     ,
   42.83325     ,
   42.81161     ,
   42.79001     ,
   42.76846     ,
   42.74694     ,
   42.72548     ,
   42.70404     ,
   42.68266     ,
   42.66131     ,
   42.64000     ,
   42.61874     ,
   42.59752     ,
   42.57634     ,
   42.55520     ,
   42.53411     ,
   42.51305     ,
   42.49203     ,
   42.47106     ,
   42.45013     ,
   42.42924     ,
   42.40839     ,
   42.38758     ,
   42.36681     ,
   42.34608     ,
   42.32540     ,
   42.30476     ,
   42.28415     ,
   42.26359     ,
   42.24307     ,
   42.22259     ,
   42.20215     ,
   42.18175     ,
   42.16139     ,
   42.14107     ,
   42.12080     ,
   42.10056     ,
   42.08036     ,
   42.06021     ,
   42.04010     ,
   42.02002     ,
   41.99999     ,
   41.98000     ,
   41.96004     ,
   41.94013     ,
   41.92026     ,
   41.90042     ,
   41.88063     ,
   41.86088     ,
   41.84117     ,
   41.82150     ,
   41.80186     ,
   41.78228     ,
   41.76273     ,
   41.74321     ,
   41.72374     ,
   41.70431     ,
   41.68492     ,
   41.66557     ,
   41.64626     ,
   41.62699     ,
   41.60775     ,
   41.58856     ,
   41.56941     ,
   41.55030     ,
   41.53122     ,
   41.51219     ,
   41.49319     ,
   41.47424     ,
   41.45533     ,
   41.43645     ,
   41.41761     ,
   41.39882     ,
   41.38005     ,
   41.36134     ,
   41.34266     ,
   41.32402     ,
   41.30542     ,
   41.28686     ,
   41.26833     ,
   41.24985     ,
   41.23140     ,
   41.21300     ,
   41.19463     ,
   41.17630     ,
   41.15802     ,
   41.13977     ,
   41.12156     ,
   41.10338     ,
   41.08525     ,
   41.06715     ,
   41.04910     ,
   41.03108     ,
   41.01310     ,
   40.99516     ,
   40.97726     ,
   40.95940     ,
   40.94157     ,
   40.92379     ,
   40.90604     ,
   40.88833     ,
   40.87066     ,
   40.85302     ,
   40.83543     ,
   40.81787     ,
   40.80035     ,
   40.78287     ,
   40.76543     ,
   40.74803     ,
   40.73066     ,
   40.71333     ,
   40.69604     ,
   40.67879     ,
   40.66158     ,
   40.64440     ,
   40.62726     ,
   40.61016     ,
   40.59309     ,
   40.57607     ,
   40.55908     ,
   40.54213     ,
   40.52522     ,
   40.50835     ,
   40.49150     ,
   40.47471     ,
   40.45795     ,
   40.44122     ,
   40.42453     ,
   40.40788     ,
   40.39127     ,
   40.37469     ,
   40.35815     ,
   40.34165     ,
   40.32519     ,
   40.30876     ,
   40.29237     ,
   40.27602     ,
   40.25971     ,
   40.24343     ,
   40.22718     ,
   40.21098     ,
   40.19481     ,
   40.17868     ,
   40.16259     ,
   40.14653     ,
   40.13051     ,
   40.11452     ,
   40.09858     ,
   40.08267     ,
   40.06680     ,
   40.05096     ,
   40.03516     ,
   40.01939     ,
   40.00367     ,
   39.98797     ,
   39.97232     ,
   39.95670     ,
   39.94112     ,
   39.92557     ,
   39.91006     ,
   39.89459     ,
   39.87915     ,
   39.86375     ,
   39.84838     ,
   39.83305     ,
   39.81776     ,
   39.80251     ,
   39.78728     ,
   39.77210     ,
   39.75695     ,
   39.74184     ,
   39.72676     ,
   39.71172     ,
   39.69671     ,
   39.68174     ,
   39.66681     ,
   39.65191     ,
   39.63704     ,
   39.62222     ,
   39.60743     ,
   39.59267     ,
   39.57795     ,
   39.56326     ,
   39.54861     ,
   39.53400     ,
   39.51941     ,
   39.50487     ,
   39.49036     ,
   39.47589     ,
   39.46145     ,
   39.44705     ,
   39.43268     ,
   39.41834     ,
   39.40405     ,
   39.38978     ,
   39.37555     ,
   39.36136     ,
   39.34720     ,
   39.33308     ,
   39.31899     ,
   39.30494     ,
   39.29092     ,
   39.27693     ,
   39.26298     ,
   39.24907     ,
   39.23519     ,
   39.22134     ,
   39.20753     ,
   39.19375     ,
   39.18001     ,
   39.16630     ,
   39.15263     ,
   39.13899     ,
   39.12538     ,
   39.11181     ,
   39.09828     ,
   39.08477     ,
   39.07131     ,
   39.05787     ,
   39.04447     ,
   39.03111     ,
   39.01777     ,
   39.00448     ,
   38.99121     ,
   38.97799     ,
   38.96479     ,
   38.95163     ,
   38.93850     ,
   38.92541     ,
   38.91235     ,
   38.89932     ,
   38.88632     ,
   38.87336     ,
   38.86044     ,
   38.84754     ,
   38.83468     ,
   38.82186     ,
   38.80907     ,
   38.79631     ,
   38.78358     ,
   38.77089     ,
   38.75823     ,
   38.74561     ,
   38.73301     ,
   38.72045     ,
   38.70793     ,
   38.69543     ,
   38.68297     ,
   38.67054     ,
   38.65815     ,
   38.64579     ,
   38.63346     ,
   38.62116     ,
   38.60890     ,
   38.59667     ,
   38.58447     ,
   38.57230     ,
   38.56017     ,
   38.54807     ,
   38.53600     ,
   38.52396     ,
   38.51196     ,
   38.49999     ,
   38.48805     ,
   38.47615     ,
   38.46427     ,
   38.45243     ,
   38.44062     ,
   38.42884     ,
   38.41710     ,
   38.40538     ,
   38.39370     ,
   38.38205     ,
   38.37043     ,
   38.35885     ,
   38.34729     ,
   38.33577     ,
   38.32428     ,
   38.31282     ,
   38.30139     ,
   38.29000     ,
   38.27864     ,
   38.26730     ,
   38.25600     ,
   38.24473     ,
   38.23349     ,
   38.22229     ,
   38.21111     ,
   38.19997     ,
   38.18885     ,
   38.17777     ,
   38.16673     ,
   38.15570     ,
   38.14471     ,
   38.13376     ,
   38.12283     ,
   38.11193     ,
   38.10107     ,
   38.09024     ,
   38.07943     ,
   38.06866     ,
   38.05792     ,
   38.04721     ,
   38.03653     ,
   38.02588     ,
   38.01526     ,
   38.00467     ,
   37.99412     ,
   37.98359     ,
   37.97309     ,
   37.96263     ,
   37.95219     ,
   37.94178     ,
   37.93141     ,
   37.92106     ,
   37.91075     ,
   37.90046     ,
   37.89021     ,
   37.87998     ,
   37.86979     ,
   37.85962     ,
   37.84949     ,
   37.83938     ,
   37.82931     ,
   37.81926     ,
   37.80924     ,
   37.79926     ,
   37.78930     ,
   37.77937     ,
   37.76947     ,
   37.75961     ,
   37.74977     ,
   37.73996     ,
   37.73018     ,
   37.72043     ,
   37.71071     ,
   37.70102     ,
   37.69135     ,
   37.68172     ,
   37.67212     ,
   37.66254     ,
   37.65300     ,
   37.64348     ,
   37.63399     ,
   37.62453     ,
   37.61510     ,
   37.60570     ,
   37.59633     ,
   37.58699     ,
   37.57767     ,
   37.56839     ,
   37.55913     ,
   37.54990     ,
   37.54070     ,
   37.53153     ,
   37.52239     ,
   37.51328     ,
   37.50419     ,
   37.49513     ,
   37.48610     ,
   37.47710     ,
   37.46813     ,
   37.45918     ,
   37.45026     ,
   37.44138     ,
   37.43252     ,
   37.42369     ,
   37.41488     ,
   37.40611     ,
   37.39736     ,
   37.38864     ,
   37.37994     ,
   37.37128     ,
   37.36264     ,
   37.35403     ,
   37.34545     ,
   37.33690     ,
   37.32837     ,
   37.31987     ,
   37.31140     ,
   37.30296     ,
   37.29454     ,
   37.28615     ,
   37.27779     ,
   37.26945     ,
   37.26115     ,
   37.25287     ,
   37.24461     ,
   37.23639     ,
   37.22819     ,
   37.22002     ,
   37.21188     ,
   37.20376     ,
   37.19567     ,
   37.18760     ,
   37.17957     ,
   37.17156     ,
   37.16357     ,
   37.15562     ,
   37.14769     ,
   37.13978     ,
   37.13190     ,
   37.12406     ,
   37.11623     ,
   37.10844     ,
   37.10067     ,
   37.09292     ,
   37.08520     ,
   37.07751     ,
   37.06985     ,
   37.06221     ,
   37.05459     ,
   37.04700     ,
   37.03944     ,
   37.03191     ,
   37.02440     ,
   37.01692     ,
   37.00946     ,
   37.00203     ,
   36.99463     ,
   36.98724     ,
   36.97989     ,
   36.97256     ,
   36.96526     ,
   36.95798     ,
   36.95073     ,
   36.94351     ,
   36.93631     ,
   36.92913     ,
   36.92199     ,
   36.91486     ,
   36.90776     ,
   36.90069     ,
   36.89364     ,
   36.88662     ,
   36.87962     ,
   36.87265     ,
   36.86570     ,
   36.85878     ,
   36.85189     ,
   36.84501     ,
   36.83817     ,
   36.83134     ,
   36.82455     ,
   36.81778     ,
   36.81103     ,
   36.80430     ,
   36.79760     ,
   36.79093     ,
   36.78428     ,
   36.77766     ,
   36.77106     ,
   36.76448     ,
   36.75793     ,
   36.75141     ,
   36.74490     ,
   36.73843     ,
   36.73197     ,
   36.72554     ,
   36.71914     ,
   36.71276     ,
   36.70640     ,
   36.70007     ,
   36.69376     ,
   36.68747     ,
   36.68121     ,
   36.67498     ,
   36.66876     ,
   36.66257     ,
   36.65641     ,
   36.65026     ,
   36.64415     ,
   36.63805     ,
   36.63198     ,
   36.62593     ,
   36.61991     ,
   36.61391     ,
   36.60793     ,
   36.60198     ,
   36.59605     ,
   36.59014     ,
   36.58426     ,
   36.57840     ,
   36.57256     ,
   36.56675     ,
   36.56096     ,
   36.55519     ,
   36.54944     ,
   36.54372     ,
   36.53802     ,
   36.53234     ,
   36.52669     ,
   36.52106     ,
   36.51546     ,
   36.50987     ,
   36.50431     ,
   36.49877     ,
   36.49325     ,
   36.48776     ,
   36.48228     ,
   36.47684     ,
   36.47141     ,
   36.46601     ,
   36.46062     ,
   36.45526     ,
   36.44992     ,
   36.44461     ,
   36.43932     ,
   36.43405     ,
   36.42880     ,
   36.42357     ,
   36.41837     ,
   36.41319     ,
   36.40802     ,
   36.40289     ,
   36.39777     ,
   36.39267     ,
   36.38760     ,
   36.38255     ,
   36.37751     ,
   36.37251     ,
   36.36752     ,
   36.36256     ,
   36.35762     ,
   36.35269     ,
   36.34779     ,
   36.34291     ,
   36.33805     ,
   36.33322     ,
   36.32840     ,
   36.32361     ,
   36.31884     ,
   36.31409     ,
   36.30935     ,
   36.30465     ,
   36.29995     ,
   36.29529     ,
   36.29064     ,
   36.28602     ,
   36.28141     ,
   36.27683     ,
   36.27227     ,
   36.26772     ,
   36.26320     ,
   36.25870     ,
   36.25422     ,
   36.24976     ,
   36.24532     ,
   36.24091     ,
   36.23651     ,
   36.23213     ,
   36.22777     ,
   36.22343     ,
   36.21912     ,
   36.21482     ,
   36.21054     ,
   36.20629     ,
   36.20205     ,
   36.19784     ,
   36.19364     ,
   36.18946     ,
   36.18531     ,
   36.18117     ,
   36.17706     ,
   36.17296     ,
   36.16888     ,
   36.16483     ,
   36.16079     ,
   36.15677     ,
   36.15277     ,
   36.14879     ,
   36.14484     ,
   36.14090     ,
   36.13698     ,
   36.13308     ,
   36.12920     ,
   36.12534     ,
   36.12149     ,
   36.11767     ,
   36.11386     ,
   36.11008     ,
   36.10632     ,
   36.10257     ,
   36.09884     ,
   36.09513     ,
   36.09144     ,
   36.08777     ,
   36.08412     ,
   36.08049     ,
   36.07688     ,
   36.07328     ,
   36.06970     ,
   36.06614     ,
   36.06261     ,
   36.05909     ,
   36.05558     ,
   36.05210     ,
   36.04864     ,
   36.04519     ,
   36.04176     ,
   36.03835     ,
   36.03496     ,
   36.03159     ,
   36.02823     ,
   36.02489     ,
   36.02158     ,
   36.01828     ,
   36.01499     ,
   36.01173     ,
   36.00848     ,
   36.00525     ,
   36.00204     ,
   35.99885     ,
   35.99567     ,
   35.99252     ,
   35.98937     ,
   35.98625     ,
   35.98315     ,
   35.98006     ,
   35.97699     ,
   35.97394     ,
   35.97091     ,
   35.96789     ,
   35.96489     ,
   35.96191     ,
   35.95894     ,
   35.95599     ,
   35.95306     ,
   35.95015     ,
   35.94725     ,
   35.94438     ,
   35.94152     ,
   35.93867     ,
   35.93584     ,
   35.93303     ,
   35.93024     ,
   35.92746     ,
   35.92470     ,
   35.92196     ,
   35.91923     ,
   35.91652     ,
   35.91382     ,
   35.91115     ,
   35.90849     ,
   35.90584     ,
   35.90321     ,
   35.90060     ,
   35.89801     ,
   35.89543     ,
   35.89287     ,
   35.89032     ,
   35.88779     ,
   35.88528     ,
   35.88278     ,
   35.88030     ,
   35.87783     ,
   35.87539     ,
   35.87295     ,
   35.87054     ,
   35.86813     ,
   35.86575     ,
   35.86338     ,
   35.86103     ,
   35.85869     ,
   35.85637     ,
   35.85406     ,
   35.85176     ,
   35.84949     ,
   35.84723     ,
   35.84499     ,
   35.84276     ,
   35.84055     ,
   35.83835     ,
   35.83616     ,
   35.83400     ,
   35.83184     ,
   35.82970     ,
   35.82758     ,
   35.82548     ,
   35.82338     ,
   35.82131     ,
   35.81924     ,
   35.81720     ,
   35.81516     ,
   35.81314     ,
   35.81115     ,
   35.80915     ,
   35.80719     ,
   35.80523     ,
   35.80328     ,
   35.80135     ,
   35.79943     ,
   35.79753     ,
   35.79565     ,
   35.79378     ,
   35.79193     ,
   35.79008     ,
   35.78825     ,
   35.78644     ,
   35.78464     ,
   35.78286     ,
   35.78109     ,
   35.77933     ,
   35.77758     ,
   35.77586     ,
   35.77414     ,
   35.77244     ,
   35.77075     ,
   35.76908     ,
   35.76742     ,
   35.76577     ,
   35.76414     ,
   35.76252     ,
   35.76092     ,
   35.75933     ,
   35.75775     ,
   35.75619     ,
   35.75463     ,
   35.75310     ,
   35.75158     ,
   35.75006     ,
   35.74857     ,
   35.74709     ,
   35.74561     ,
   35.74416     ,
   35.74271     ,
   35.74128     ,
   35.73986     ,
   35.73846     ,
   35.73707     ,
   35.73569     ,
   35.73432     ,
   35.73297     ,
   35.73163     ,
   35.73030     ,
   35.72899     ,
   35.72769     ,
   35.72640     ,
   35.72512     ,
   35.72386     ,
   35.72261     ,
   35.72137     ,
   35.72014     ,
   35.71893     ,
   35.71772     ,
   35.71653     ,
   35.71535     ,
   35.71419     ,
   35.71304     ,
   35.71189     ,
   35.71077     ,
   35.70965     ,
   35.70855     ,
   35.70745     ,
   35.70638     ,
   35.70531     ,
   35.70425     ,
   35.70321     ,
   35.70217     ,
   35.70115     ,
   35.70014     ,
   35.69914     ,
   35.69816     ,
   35.69718     ,
   35.69622     ,
   35.69527     ,
   35.69433     ,
   35.69340     ,
   35.69248     ,
   35.69157     ,
   35.69068     ,
   35.68979     ,
   35.68892     ,
   35.68806     ,
   35.68721     ,
   35.68637     ,
   35.68554     ,
   35.68473     ,
   35.68392     ,
   35.68312     ,
   35.68234     ,
   35.68157     ,
   35.68081     ,
   35.68005     ,
   35.67931     ,
   35.67859     ,
   35.67786     ,
   35.67715     ,
   35.67645     ,
   35.67577     ,
   35.67509     ,
   35.67442     ,
   35.67376     ,
   35.67312     ,
   35.67248     ,
   35.67186     ,
   35.67124     ,
   35.67064     ,
   35.67004     ,
   35.66945     ,
   35.66888     ,
   35.66831     ,
   35.66776     ,
   35.66721     ,
   35.66668     ,
   35.66615     ,
   35.66563     ,
   35.66513     ,
   35.66463     ,
   35.66415     ,
   35.66367     ,
   35.66320     ,
   35.66274     ,
   35.66229     ,
   35.66185     ,
   35.66142     ,
   35.66100     ,
   35.66059     ,
   35.66019     ,
   35.65980     ,
   35.65941     ,
   35.65904     ,
   35.65868     ,
   35.65832     ,
   35.65797     ,
   35.65764     ,
   35.65731     ,
   35.65699     ,
   35.65668     ,
   35.65637     ,
   35.65608     ,
   35.65580     ,
   35.65552     ,
   35.65525     ,
   35.65499     ,
   35.65474     ,
   35.65450     ,
   35.65427     ,
   35.65405     ,
   35.65383     ,
   35.65362     ,
   35.65342     ,
   35.65323     ,
   35.65305     ,
   35.65288     ,
   35.65271     ,
   35.65255     ,
   35.65240     ,
   35.65226     ,
   35.65212     ,
   35.65200     ,
   35.65188     ,
   35.65177     ,
   35.65167     ,
   35.65157     ,
   35.65149     ,
   35.65141     ,
   35.65133     ,
   35.65127     ,
   35.65121     ,
   35.65117     ,
   35.65113     ,
   35.65109     ,
   35.65107     ,
   35.65105     ,
   35.65104     ,
   35.65103     ,
   35.65104     ,
   35.65105     ,
   35.65106     ,
   35.65109     ,
   35.65112     ,
   35.65116     ,
   35.65120     ,
   35.65126     ,
   35.65132     ,
   35.65138     ,
   35.65145     ,
   35.65154     ,
   35.65162     ,
   35.65172     ,
   35.65182     ,
   35.65192     ,
   35.65204     ,
   35.65216     ,
   35.65229     ,
   35.65242     ,
   35.65256     ,
   35.65271     ,
   35.65286     ,
   35.65302     ,
   35.65319     ,
   35.65335     ,
   35.65353     ,
   35.65372     ,
   35.65391     ,
   35.65410     ,
   35.65430     ,
   35.65451     ,
   35.65473     ,
   35.65495     ,
   35.65517     ,
   35.65540     ,
   35.65564     ,
   35.65588     ,
   35.65613     ,
   35.65638     ,
   35.65665     ,
   35.65691     ,
   35.65718     ,
   35.65746     ,
   35.65774     ,
   35.65803     ,
   35.65832     ,
   35.65862     ,
   35.65892     ,
   35.65923     ,
   35.65955     ,
   35.65986     ,
   35.66019     ,
   35.66051     ,
   35.66085     ,
   35.66119     ,
   35.66153     ,
   35.66188     ,
   35.66224     ,
   35.66259     ,
   35.66296     ,
   35.66333     ,
   35.66370     ,
   35.66407     ,
   35.66446     ,
   35.66484     ,
   35.66524     ,
   35.66563     ,
   35.66603     ,
   35.66644     ,
   35.66684     ,
   35.66726     ,
   35.66767     ,
   35.66810     ,
   35.66852     ,
   35.66895     ,
   35.66939     ,
   35.66983     ,
   35.67027     ,
   35.67071     ,
   35.67116     ,
   35.67162     ,
   35.67208     ,
   35.67254     ,
   35.67300     ,
   35.67347     ,
   35.67395     ,
   35.67442     ,
   35.67490     ,
   35.67538     ,
   35.67587     ,
   35.67636     ,
   35.67686     ,
   35.67735     ,
   35.67786     ,
   35.67836     ,
   35.67887     ,
   35.67938     ,
   35.67990     ,
   35.68041     ,
   35.68093     ,
   35.68146     ,
   35.68198     ,
   35.68251     ,
   35.68304     ,
   35.68358     ,
   35.68412     ,
   35.68466     ,
   35.68520     ,
   35.68575     ,
   35.68630     ,
   35.68685     ,
   35.68740     ,
   35.68797     ,
   35.68852     ,
   35.68909     ,
   35.68965     ,
   35.69022     ,
   35.69079     ,
   35.69136     ,
   35.69194     ,
   35.69251     ,
   35.69309     ,
   35.69367     ,
   35.69425     ,
   35.69484     ,
   35.69543     ,
   35.69601     ,
   35.69660     ,
   35.69720     ,
   35.69779     ,
   35.69839     ,
   35.69899     ,
   35.69959     ,
   35.70019     ,
   35.70079     ,
   35.70140     ,
   35.70200     ,
   35.70261     ,
   35.70322     ,
   35.70383     ,
   35.70445     ,
   35.70506     ,
   35.70568     ,
   35.70629     ,
   35.70691     ,
   35.70753     ,
   35.70815     ,
   35.70877     ,
   35.70940     ,
   35.71002     ,
   35.71064     ,
   35.71127     ,
   35.71189     ,
   35.71252     ,
   35.71315     ,
   35.71378     ,
   35.71441     ,
   35.71504     ,
   35.71567     ,
   35.71630     ,
   35.71693     ,
   35.71757     ,
   35.71820     ,
   35.71884     ,
   35.71947     ,
   35.72011     ,
   35.72074     ,
   35.72138     ,
   35.72201     ,
   35.72265     ,
   35.72329     ,
   35.72392     ,
   35.72456     ,
   35.72519     ,
   35.72583     ,
   35.72647     ,
   35.72710     ,
   35.72774     ,
   35.72837     ,
   35.72901     ,
   35.72964     ,
   35.73028     ,
   35.73092     ,
   35.73155     ,
   35.73219     ,
   35.73282     ,
   35.73345     ,
   35.73409     ,
   35.73471     ,
   35.73535     ,
   35.73598     ,
   35.73661     ,
   35.73724     ,
   35.73787     ,
   35.73849     ,
   35.73912     ,
   35.73975     ,
   35.74037     ,
   35.74099     ,
   35.74162     ,
   35.74224     ,
   35.74286     ,
   35.74348     ,
   35.74410     ,
   35.74472     ,
   35.74533     ,
   35.74595     ,
   35.74656     ,
   35.74717     ,
   35.74778     ,
   35.74839     ,
   35.74900     ,
   35.74961     ,
   35.75021     ,
   35.75081     ,
   35.75142     ,
   35.75201     ,
   35.75261     ,
   35.75320     ,
   35.75380     ,
   35.75439     ,
   35.75498     ,
   35.75557     ,
   35.75616     ,
   35.75674     ,
   35.75732     ,
   35.75790     ,
   35.75848     ,
   35.75905     ,
   35.75963     ,
   35.76020     ,
   35.76077     ,
   35.76133     ,
   35.76190     ,
   35.76245     ,
   35.76302     ,
   35.76357     ,
   35.76413     ,
   35.76468     ,
   35.76522     ,
   35.76577     ,
   35.76631     ,
   35.76685     ,
   35.76739     ,
   35.76792     ,
   35.76845     ,
   35.76898     ,
   35.76951     ,
   35.77003     ,
   35.77055     ,
   35.77106     ,
   35.77158     ,
   35.77209     ,
   35.77259     ,
   35.77309     ,
   35.77359     ,
   35.77409     ,
   35.77458     ,
   35.77507     ,
   35.77556     ,
   35.77604     ,
   35.77652     ,
   35.77699     ,
   35.77746     ,
   35.77793     ,
   35.77839     ,
   35.77885     ,
   35.77931     ,
   35.77976     ,
   35.78021     ,
   35.78065     ,
   35.78109     ,
   35.78153     ,
   35.78196     ,
   35.78239     ,
   35.78281     ,
   35.78323     ,
   35.78365     ,
   35.78406     ,
   35.78447     ,
   35.78487     ,
   35.78527     ,
   35.78566     ,
   35.78605     ,
   35.78643     ,
   35.78681     ,
   35.78719     ,
   35.78756     ,
   35.78792     ,
   35.78828     ,
   35.78864     ,
   35.78899     ,
   35.78934     ,
   35.78968     ,
   35.79002     ,
   35.79035     ,
   35.79067     ,
   35.79100     ,
   35.79131     ,
   35.79162     ,
   35.79193     ,
   35.79223     ,
   35.79252     ,
   35.79281     ,
   35.79309     ,
   35.79338     ,
   35.79365     ,
   35.79391     ,
   35.79418     ,
   35.79444     ,
   35.79469     ,
   35.79493     ,
   35.79517     ,
   35.79541     ,
   35.79564     ,
   35.79586     ,
   35.79608     ,
   35.79628     ,
   35.79649     ,
   35.79669     ,
   35.79688     ,
   35.79707     ,
   35.79725     ,
   35.79742     ,
   35.79759     ,
   35.79775     ,
   35.79791     ,
   35.79806     ,
   35.79820     ,
   35.79834     ,
   35.79847     ,
   35.79859     ,
   35.79871     ,
   35.79882     ,
   35.79892     ,
   35.79902     ,
   35.79911     ,
   35.79919     ,
   35.79927     ,
   35.79934     ,
   35.79940     ,
   35.79946     ,
   35.79951     ,
   35.79955     ,
   35.79958     ,
   35.79961     ,
   35.79963     ,
   35.79965     ,
   35.79966     ,
   35.79966     ,
   35.79965     ,
   35.79963     ,
   35.79961     ,
   35.79958     ,
   35.79954     ,
