            X            Y         +-dY
           MEV           MB           MB
           4.3          5.3          0.3
           6.7         64.9          4.1
           8.4           74            4
          10.9           44          2.7
            13         30.3          1.8
          14.8         27.4          1.6
          16.8         23.6          1.4
            19         22.6          1.2
          21.3         22.2          1.1
          23.4         20.4          1.1
          25.2         19.5            1
          27.1         17.6          0.8
          29.2         16.3            1
            31         14.4          0.8
          33.1         14.4          0.8
          35.4         13.8          0.8
            37         12.4          0.7
          39.1         12.5          0.7
          41.2         11.6          0.6
          43.6         11.3          0.6
