   0.0000000e+00   0.0000000e+00
   1.0000000e+00   0.0000000e+00
   2.0000000e+00   0.0000000e+00
   3.0000000e+00   0.0000000e+00
   4.0000000e+00   0.0000000e+00
   5.0000000e+00   0.0000000e+00
   6.0000000e+00   0.0000000e+00
   7.0000000e+00   0.0000000e+00
   8.0000000e+00   0.0000000e+00
   9.0000000e+00   0.0000000e+00
   1.0000000e+01   0.0000000e+00
   1.1000000e+01   0.0000000e+00
   1.2000000e+01   0.0000000e+00
   1.3000000e+01   0.0000000e+00
   1.4000000e+01   0.0000000e+00
   1.5000000e+01   0.0000000e+00
   1.6000000e+01   0.0000000e+00
   1.7000000e+01   0.0000000e+00
   1.8000000e+01   1.0374841e-02
   1.9000000e+01   1.5797628e-02
   2.0000000e+01   2.1213230e-02
   2.1000000e+01   2.6594904e-02
   2.2000000e+01   3.1900168e-02
   2.3000000e+01   3.7073665e-02
   2.4000000e+01   4.2051897e-02
   2.5000000e+01   4.6770323e-02
   2.6000000e+01   5.1174646e-02
   2.7000000e+01   5.5230793e-02
   2.8000000e+01   5.8906896e-02
   2.9000000e+01   6.2184775e-02
   3.0000000e+01   6.5054536e-02
   3.1000000e+01   6.7519497e-02
   3.2000000e+01   6.9591361e-02
   3.3000000e+01   7.1289559e-02
   3.4000000e+01   7.2641528e-02
   3.5000000e+01   7.3680798e-02
   3.6000000e+01   7.4441837e-02
   3.7000000e+01   7.4959113e-02
   3.8000000e+01   7.5267093e-02
   3.9000000e+01   7.5400246e-02
   4.0000000e+01   7.5393034e-02
   4.1000000e+01   7.5279299e-02
   4.2000000e+01   7.5089153e-02
   4.3000000e+01   7.4843195e-02
   4.4000000e+01   7.4559447e-02
   4.5000000e+01   7.4250262e-02
   4.6000000e+01   7.3922320e-02
   4.7000000e+01   7.3582062e-02
   4.8000000e+01   7.3237032e-02
   4.9000000e+01   7.2897238e-02
   5.0000000e+01   7.2573021e-02
   5.1000000e+01   7.2274412e-02
   5.2000000e+01   7.2004318e-02
   5.3000000e+01   7.1758519e-02
   5.4000000e+01   7.1532577e-02
   5.5000000e+01   7.1322531e-02
   5.6000000e+01   7.1124585e-02
   5.7000000e+01   7.0934941e-02
   5.8000000e+01   7.0749802e-02
   5.9000000e+01   7.0565374e-02
   6.0000000e+01   7.0378713e-02
   6.1000000e+01   7.0188640e-02
   6.2000000e+01   6.9993726e-02
   6.3000000e+01   6.9792417e-02
   6.4000000e+01   6.9583156e-02
   6.5000000e+01   6.9364424e-02
   6.6000000e+01   6.9134880e-02
   6.7000000e+01   6.8893248e-02
   6.8000000e+01   6.8638248e-02
   6.9000000e+01   6.8368602e-02
   7.0000000e+01   6.8082927e-02
   7.1000000e+01   6.7780229e-02
   7.2000000e+01   6.7463220e-02
   7.3000000e+01   6.7135584e-02
   7.4000000e+01   6.6801006e-02
   7.5000000e+01   6.6463171e-02
   7.6000000e+01   6.6125762e-02
   7.7000000e+01   6.5792464e-02
   7.8000000e+01   6.5466962e-02
   7.9000000e+01   6.5152941e-02
   8.0000000e+01   6.4854086e-02
   8.1000000e+01   6.4573226e-02
   8.2000000e+01   6.4309783e-02
   8.3000000e+01   6.4062322e-02
   8.4000000e+01   6.3829409e-02
   8.5000000e+01   6.3609610e-02
   8.6000000e+01   6.3401492e-02
   8.7000000e+01   6.3203621e-02
   8.8000000e+01   6.3014562e-02
   8.9000000e+01   6.2832883e-02
   9.0000000e+01   6.2657148e-02
   9.1000000e+01   6.2485925e-02
   9.2000000e+01   6.2317785e-02
   9.3000000e+01   6.2151316e-02
   9.4000000e+01   6.1985113e-02
   9.5000000e+01   6.1817771e-02
   9.6000000e+01   6.1647884e-02
   9.7000000e+01   6.1474047e-02
   9.8000000e+01   6.1294853e-02
   9.9000000e+01   6.1108898e-02
   1.0000000e+02   6.0914774e-02
   1.0100000e+02   6.0711078e-02
   1.0200000e+02   6.0496403e-02
   1.0300000e+02   6.0269344e-02
   1.0400000e+02   6.0028494e-02
   1.0500000e+02   5.9772449e-02
   1.0600000e+02   5.9499803e-02
   1.0700000e+02   5.9209150e-02
   1.0800000e+02   5.8899084e-02
   1.0900000e+02   5.8568200e-02
   1.1000000e+02   5.8215092e-02
   1.1100000e+02   5.7839118e-02
   1.1200000e+02   5.7442688e-02
   1.1300000e+02   5.7028975e-02
   1.1400000e+02   5.6601153e-02
   1.1500000e+02   5.6162395e-02
   1.1600000e+02   5.5715874e-02
   1.1700000e+02   5.5264763e-02
   1.1800000e+02   5.4812237e-02
   1.1900000e+02   5.4361468e-02
   1.2000000e+02   5.3915630e-02
   1.2100000e+02   5.3477523e-02
   1.2200000e+02   5.3048457e-02
   1.2300000e+02   5.2629371e-02
   1.2400000e+02   5.2221202e-02
   1.2500000e+02   5.1824887e-02
   1.2600000e+02   5.1441365e-02
   1.2700000e+02   5.1071572e-02
   1.2800000e+02   5.0716446e-02
   1.2900000e+02   5.0376925e-02
   1.3000000e+02   5.0053947e-02
   1.3100000e+02   4.9747696e-02
   1.3200000e+02   4.9455346e-02
   1.3300000e+02   4.9173318e-02
   1.3400000e+02   4.8898031e-02
   1.3500000e+02   4.8625908e-02
   1.3600000e+02   4.8353368e-02
   1.3700000e+02   4.8076833e-02
   1.3800000e+02   4.7792722e-02
   1.3900000e+02   4.7497457e-02
   1.4000000e+02   4.7187459e-02
   1.4100000e+02   4.6859147e-02
   1.4200000e+02   4.6508943e-02
   1.4300000e+02   4.6133268e-02
   1.4400000e+02   4.5728541e-02
   1.4500000e+02   4.5291185e-02
   1.4600000e+02   4.4817618e-02
   1.4700000e+02   4.4306662e-02
   1.4800000e+02   4.3765727e-02
   1.4900000e+02   4.3200607e-02
   1.5000000e+02   4.2616089e-02
   1.5100000e+02   4.2016963e-02
   1.5200000e+02   4.1408018e-02
   1.5300000e+02   4.0794043e-02
   1.5400000e+02   4.0179826e-02
   1.5500000e+02   3.9570157e-02
   1.5600000e+02   3.8969299e-02
   1.5700000e+02   3.8379698e-02
   1.5800000e+02   3.7804381e-02
   1.5900000e+02   3.7246658e-02
   1.6000000e+02   3.6709834e-02
   1.6100000e+02   3.6196645e-02
   1.6200000e+02   3.5707543e-02
   1.6300000e+02   3.5242408e-02
   1.6400000e+02   3.4801122e-02
   1.6500000e+02   3.4383563e-02
   1.6600000e+02   3.3989614e-02
   1.6700000e+02   3.3619153e-02
   1.6800000e+02   3.3272063e-02
   1.6900000e+02   3.2948222e-02
   1.7000000e+02   3.2647512e-02
   1.7100000e+02   3.2369597e-02
   1.7200000e+02   3.2113276e-02
   1.7300000e+02   3.1877132e-02
   1.7400000e+02   3.1659747e-02
   1.7500000e+02   3.1459705e-02
   1.7600000e+02   3.1275588e-02
   1.7700000e+02   3.1105979e-02
   1.7800000e+02   3.0949461e-02
   1.7900000e+02   3.0804617e-02
   1.8000000e+02   3.0670030e-02
   1.8100000e+02   3.0544393e-02
   1.8200000e+02   3.0426839e-02
   1.8300000e+02   3.0316613e-02
   1.8400000e+02   3.0212959e-02
   1.8500000e+02   3.0115120e-02
   1.8600000e+02   3.0022342e-02
   1.8700000e+02   2.9933868e-02
   1.8800000e+02   2.9848943e-02
   1.8900000e+02   2.9766810e-02
   1.9000000e+02   0.0000000e+00
   1.9100000e+02   0.0000000e+00
   1.9200000e+02   0.0000000e+00
   1.9300000e+02   0.0000000e+00
   1.9400000e+02   0.0000000e+00
   1.9500000e+02   0.0000000e+00
   1.9600000e+02   0.0000000e+00
   1.9700000e+02   0.0000000e+00
   1.9800000e+02   0.0000000e+00
   1.9900000e+02   0.0000000e+00
   2.0000000e+02   0.0000000e+00
